,lambda (Angstroms),Total Flux (erg/s/cm^2/Angstrom)
0,102.00000000000001,0.0466917008008803
1,103.9,0.05465347393167913
2,104.712855,0.05805966714411396
3,106.07000000000001,0.05331455539885662
4,108.05,0.046391698055123574
5,110.05,0.03939891290640754
6,113.91999999999999,0.025867873679445097
7,117.92,0.011882303551252886
8,120.22644299999999,0.003818075461339568
9,120.95,0.0037010164875504238
10,124.91,0.003060355653118716
11,126.94,0.002731936264631254
12,128.12,0.002541032513532117
13,131.1,0.002058919995463116
14,132.01,0.0019116996556334614
15,133.85,0.0016140203381147073
16,136.96,0.0011108812547863224
17,138.038426,0.0009364118526179116
18,140.15,0.00092435110735074
19,143.09,0.0009076229729639413
20,147.10000000000002,0.0008849271427525254
21,150.87,0.0008634767940073789
22,155.1,0.000839426216176883
23,158.489319,0.0008201897861978206
24,159.07999999999998,0.000815026688322582
25,162.02999999999997,0.0007892600432117919
26,166.19,0.0007529630939064061
27,170.06,0.0007192350905203865
28,172.82,0.000695229151694698
29,176.85,0.0006601834481738558
30,180.14,0.000631587533026568
31,181.8,0.0006172304443777841
32,181.970086,0.0006157562561618485
33,186.04,0.0006277094015856956
34,190.81,0.0006418827639406807
35,193.91,0.000651152758158805
36,197.97,0.0006633270875993164
37,202.12,0.0006758919083106765
38,204.93,0.0006845110552116216
39,208.929613,0.0006965272558157505
40,210.19,0.0007183768589066209
41,216.07999999999998,0.0008215456756642234
42,220.09,0.000891772767730096
43,223.15,0.0009452534568028064
44,226.78,0.0010092993022714138
45,229.94,0.0010721060728170885
46,234.21,0.0011629183937126684
47,239.88329199999998,0.0012748454901578476
48,240.22000000000003,0.0012709530072845504
49,245.80999999999997,0.0011953548506382372
50,252.11999999999998,0.0011172032092897147
51,256.81,0.001045680636021161
52,259.78000000000003,0.0010172472878745504
53,264.0,0.0009669065267032724
54,268.91,0.0009048250839423774
55,273.90999999999997,0.0008413837218437074
56,275.42287,0.0008223130885336566
57,279.0,0.0008817502228448551
58,284.19,0.0009681526815831749
59,290.14000000000004,0.0010620701531617888
60,296.21000000000004,0.0011660160688730797
61,301.03000000000003,0.001246022208202309
62,308.04,0.0013661452029529102
63,316.227766,0.0015077365034348623
64,318.13,0.0014909060543365161
65,327.79999999999995,0.0014043573432291107
66,337.76,0.001313409434994388
67,348.02,0.0012188053090417524
68,356.95,0.0011381555216385324
69,363.078055,0.0010847235431132763
70,366.09999999999997,0.0011178395261554077
71,374.63000000000005,0.0012084265758509612
72,385.13,0.0013092719149838217
73,395.01,0.0014252362325678847
74,405.14,0.0015372924701313017
75,413.62,0.001627329735830984
76,416.86938299999997,0.0016596416184252454
77,422.28000000000003,0.0016947761849219999
78,430.14,0.0017489983086476772
79,441.17,0.0018307776598810385
80,451.45,0.0018989028298428657
81,459.84,0.001954665567000427
82,469.47,0.002021452486526925
83,478.630092,0.002086441889740743
84,480.4,0.0020778293926888266
85,490.46,0.002015244917822217
86,499.58000000000004,0.0019791183105872783
87,506.53,0.0019319498637360927
88,512.4,0.0019410728690574647
89,519.52,0.0019060838695494865
90,530.4,0.0018431056995148237
91,540.26,0.0017748300454209103
92,549.5408739999999,0.001740298066034457
93,550.31,0.0017409566498512083
94,560.54,0.0017614743786534596
95,569.65,0.0017841203949182207
96,580.24,0.0017623718420360936
97,589.67,0.0017906922190258521
98,600.63,0.001771750598857003
99,610.39,0.0017327531509694146
100,620.3100000000001,0.0018377197334443246
101,630.38,0.0018462560318840773
102,630.957344,0.001846530811443961
103,640.63,0.0019012926035654396
104,649.54,0.001985413541518302
105,658.58,0.002049514890462621
106,664.67,0.0021136588669085164
107,675.4699999999999,0.0021657765492756227
108,684.8700000000001,0.002183732420965512
109,694.39,0.0024075905335705907
110,705.6800000000001,0.0024120849496747226
111,715.49,0.002610191394491511
112,724.43596,0.0026907113181848102
113,725.4499999999999,0.002698537191546083
114,735.54,0.002774749881860316
115,745.7700000000001,0.0029444057076199407
116,754.41,0.00306750235224977
117,764.9,0.003135709572407977
118,775.54,0.003365194866257674
119,784.52,0.003512615411254881
120,795.44,0.0036503769759953595
121,804.65,0.003786161100652851
122,815.84,0.003913841998038012
123,825.2900000000001,0.004181536640601888
124,831.763771,0.0038739918621589855
125,834.84,0.0037112817392021685
126,844.51,0.004331590137410097
127,854.2900000000001,0.004400244347800329
128,864.18,0.004630316370372864
129,874.1899999999999,0.004874457278962458
130,884.31,0.005205947999734353
131,894.5500000000001,0.005434721606523307
132,904.91,0.0053669930993293195
133,915.39,0.00815619247815239
134,925.99,0.05564741974299252
135,934.56,0.12240646401937741
136,945.38,0.24262340990858214
137,954.13,0.36837609951399264
138,954.992586,0.36897492746050853
139,965.1700000000001,0.3760719742623093
140,974.0999999999999,0.05141994226369864
141,985.38,0.26283957868650626
142,994.5,0.3283995557943082
143,1006.02,0.5700032321410053
144,1015.3299999999999,0.5832474983552198
145,1024.72,0.2634228178773974
146,1034.2,0.3657942848710336
147,1046.18,0.8349062927385189
148,1055.86,0.8310570430020632
149,1065.63,0.5954056407370658
150,1075.49,0.7667718859435271
151,1085.44,0.5519069786214469
152,1095.48,0.8445388187708253
153,1096.4782,0.8419045041748806
154,1105.62,0.8177673366594873
155,1115.8500000000001,0.763215849311031
156,1126.1699999999998,0.6725049975577495
157,1133.98,0.9628096308723689
158,1144.47,0.86211306857664
159,1155.06,0.9627703236088831
160,1165.75,0.9965434959690984
161,1173.83,0.6275811360692424
162,1184.69,0.9851091978870102
163,1195.65,0.5830324770327501
164,1203.94,0.36894823352163536
165,1215.0800000000002,0.319934683857725
166,1226.32,0.6863984515217866
167,1234.82,1.1598556243994134
168,1246.25,1.298285744986622
169,1254.8899999999999,1.2088759621234098
170,1258.92541,1.110299387593986
171,1263.59,0.9963623966442597
172,1275.28,1.4234737155659403
173,1284.12,1.5357998641773736
174,1296.0,1.0849414077864041
175,1304.99,1.0700355758878508
176,1314.03,1.5008467504859682
177,1326.1899999999998,1.4267583304763563
178,1335.3799999999999,1.1868245245644866
179,1344.64,1.5788107277479566
180,1353.9599999999998,1.5287579387274315
181,1366.49,1.310283566793185
182,1375.96,1.4267697972626732
183,1385.5,1.4499380368275006
184,1395.1,1.2542362841883334
185,1404.77,1.3133095406445054
186,1414.51,1.331586806196017
187,1424.31,1.4169590795435336
188,1434.1899999999998,1.400728363285724
189,1440.81,1.5147452234449648
190,1445.43977,1.54929017506095
191,1447.46,1.5643640453165042
192,1454.1399999999999,1.5043207737824336
193,1464.22,1.3531948730244345
194,1474.3700000000001,1.3688579799000606
195,1484.5900000000001,1.4300710944093118
196,1494.88,1.480273216552188
197,1505.24,1.3783563463286892
198,1512.1899999999998,1.1813921042386004
199,1515.67,1.3103054837388153
200,1526.18,1.2484886298730842
201,1536.76,1.0433267836409783
202,1543.85,1.2257175568181395
203,1554.5500000000002,1.151870723672248
204,1565.3300000000002,1.165194899250499
205,1576.18,1.2629500824623754
206,1583.45,1.3688938752688582
207,1594.43,1.4039870726574664
208,1605.48,1.3879202776796997
209,1616.61,1.413714491426076
210,1624.07,1.3133343049523984
211,1635.3300000000002,1.4366655328755067
212,1646.67,1.4701147695227579
213,1654.27,1.33465959831633
214,1659.58691,1.4117883138512655
215,1665.73,1.5009060703982051
216,1673.4199999999998,1.2746441945971212
217,1677.28,1.5113032686423509
218,1685.0200000000002,1.6268344326605053
219,1696.6999999999998,1.5113277344346716
220,1704.53,1.4400309701274563
221,1716.3500000000001,1.3377953833954908
222,1724.27,1.340876690762905
223,1736.22,1.4668192075609603
224,1744.24,1.4334465945668518
225,1756.3300000000002,1.575307222858776
226,1764.4299999999998,1.4073106735754493
227,1776.6599999999999,1.4567514133612416
228,1784.8700000000001,1.5009929516802403
229,1793.1,1.6533515059269346
230,1805.53,1.6457614049896816
231,1813.87,1.483828046838701
232,1826.44,1.5359860573953168
233,1834.8700000000001,1.4601577709189657
234,1843.34,1.322572516298006
235,1856.12,1.319560694095424
236,1864.69,1.3817215191129417
237,1873.29,1.5537863680220025
238,1886.28,1.4073827130602234
239,1894.98,1.3534096416077617
240,1903.7299999999998,1.4535106099745385
241,1905.46072,1.4449370573845037
242,1916.93,1.388100214517574
243,1925.77,1.375377139825873
244,1934.66,1.4269710138067304
245,1943.5900000000001,1.5010508467256343
246,1957.07,1.3976800088473393
247,1966.1000000000001,1.58262473911136
248,1975.17,1.638221428313427
249,1984.29,1.5359690661880525
250,1993.45,1.4872586630007243
251,2007.27,1.5501434760958255
252,2016.53,1.473593970253614
253,2025.84,1.5789284130839607
254,2035.19,1.476987814852354
255,2044.59,1.5680401652933056
256,2054.02,1.4906054849377923
257,2063.5,1.490596753254837
258,2073.0299999999997,1.63057997024444
259,2077.81,1.5394040633410089
260,2087.4,1.6193512187376817
261,2097.03,1.5182633330724014
262,2106.71,1.5252763960796791
263,2116.44,1.5500334077595153
264,2126.21,1.5824523783773978
265,2136.02,1.4399503079333271
266,2145.88,1.5043071861618147
267,2155.79,1.5824260130628602
268,2165.74,1.5252027989019528
269,2175.73,1.5112115436790916
270,2185.7799999999997,1.4836232268633005
271,2187.7616199999998,1.5008976556514548
272,2195.86,1.5715088208313168
273,2206.0,1.5216911200127416
274,2216.1800000000003,1.4300264519325547
275,2226.41,1.3784998247753533
276,2236.69,1.5060092385411372
277,2247.01,1.429809685045309
278,2257.38,1.3512201724724666
279,2262.5899999999997,1.402601436647538
280,2273.03,1.4533579813668744
281,2283.52,1.5094115670091968
282,2294.06,1.419925193574504
283,2304.65,1.4181098610627971
284,2315.29,1.3309705694740752
285,2325.98,0.9698232188083387
286,2336.71,1.2136491008809904
287,2347.5,1.1791059320612245
288,2352.91,1.3054353599282373
289,2363.77,1.1728352484006506
290,2374.6800000000003,1.2237181777960497
291,2385.64,1.1224471481144338
292,2396.66,1.2263081675404006
293,2407.7200000000003,1.1669982197047553
294,2413.27,1.2114217621561272
295,2424.41,1.3114148797972585
296,2435.6,1.2566560383613752
297,2446.84,1.3510282378484773
298,2452.48,1.3332228539612223
299,2463.7999999999997,1.3254831189251013
300,2475.17,1.2701684248119651
301,2486.6,1.3131747798064113
302,2492.33,1.23757546958053
303,2503.8300000000004,1.406112881867156
304,2511.88643,1.2767503542365508
305,2515.3900000000003,1.220489365920545
306,2527.0,1.1995316882736127
307,2532.83,1.23095284153101
308,2544.52,1.2042771385428415
309,2556.26,1.3249034197164
310,2562.16,1.2776995508002156
311,2573.98,1.376858806632538
312,2585.8599999999997,1.3563740434589329
313,2597.8,1.3331152612794004
314,2603.7900000000004,1.279739363854325
315,2615.81,1.2636025563335562
316,2627.88,1.3430277329745148
317,2633.94,1.4103148133758576
318,2646.1,1.562389961507925
319,2652.2000000000003,1.6181750292386499
320,2664.44,1.4175921520294807
321,2676.7400000000002,1.5136742558143845
322,2682.91,1.5075843013715273
323,2695.29,1.4314943798151947
324,2707.73,1.493765439252935
325,2713.97,1.398135462636496
326,2726.5,1.396520493565345
327,2732.79,1.486930501110633
328,2745.4,1.2468995066982458
329,2758.07,1.2862694932799312
330,2764.43,1.3507554786516378
331,2777.19,1.4291294367244323
332,2783.59,1.3376694094255204
333,2796.44,1.049340338989424
334,2802.8900000000003,1.1432802958522394
335,2815.82,1.4243502000749064
336,2822.31,1.530601144267104
337,2835.34,1.4668510168132254
338,2841.88,1.42445594516715
339,2854.9999999999995,1.3588867892043806
340,2868.17,1.5476846174033385
341,2874.79,1.5629305204160266
342,2884.0315,1.5492946381638208
343,2888.0499999999997,1.5433665669774395
344,2894.7099999999996,1.5372085238028144
345,2908.0699999999997,1.7149194371942573
346,2928.23,1.6407443065035008
347,2948.5299999999997,1.6174971749051694
348,2968.9700000000003,1.6697340423992633
349,2989.55,1.6805589089857826
350,3010.27,1.7189577746647273
351,3031.14,1.7261656393712703
352,3052.15,1.7294325031702389
353,3073.2999999999997,1.7487263660616326
354,3087.49,1.7712402740724542
355,3108.8900000000003,1.778718135343179
356,3130.44,1.757695995641502
357,3152.14,1.7733118549674236
358,3166.6899999999996,1.7837877606444816
359,3188.64,1.6834576183497343
360,3210.7400000000002,1.7702854750825856
361,3232.9999999999995,1.6707343307782085
362,3247.92,1.809128234056676
363,3270.44,1.8937590880668032
364,3293.1,1.8801709411693555
365,3308.3,1.882677842632674
366,3311.31121,1.878077056838414
367,3323.58,1.8593303027168868
368,3331.24,1.8951703534605733
369,3338.92,1.778078401725784
370,3346.6099999999997,1.9152704487517564
371,3354.33,1.8430064920600149
372,3362.06,1.7531995341290352
373,3369.81,1.8497755737195798
374,3377.58,1.8047486108316482
375,3385.36,1.8522896467044785
376,3393.1699999999996,1.945331678859595
377,3400.99,2.0714827097754736
378,3408.83,1.8775517382128755
379,3416.69,1.883173764171802
380,3424.57,1.9960677876522523
381,3432.46,2.062853809893465
382,3440.37,1.980505829656201
383,3448.3,1.8284528469404613
384,3456.25,1.8637328617462456
385,3464.2200000000003,1.7770128740735538
386,3472.21,1.958741883922386
387,3480.21,1.8208908925319802
388,3488.23,1.9080248986630985
389,3496.2700000000004,1.883147902315741
390,3504.33,1.968710903489907
391,3512.4100000000003,1.903217902185597
392,3520.51,2.0127288984028113
393,3528.6299999999997,1.8076048921415495
394,3536.7599999999998,1.9879028846410496
395,3544.91,2.0686628746620737
396,3553.08,2.0892788622046217
397,3560.4799999999996,2.1810329451684964
398,3563.1400000000003,2.3633486155311867
399,3565.8,2.2431612858938768
400,3568.46,2.052318956256567
401,3571.12,2.285652626619257
402,3573.7799999999997,2.351337296981947
403,3576.44,2.177354967344637
404,3579.1,1.8048296377073272
405,3581.7599999999998,1.5974193080700172
406,3584.4199999999996,1.8430329784327073
407,3587.09,1.6010406475561594
408,3589.75,1.9182333179188495
409,3592.41,1.9330709882815396
410,3595.07,2.0389076586442294
411,3597.73,2.1025713290069197
412,3600.39,1.9944689993696099
413,3603.0499999999997,2.0714336697322997
414,3605.7099999999996,1.75134134009499
415,3608.3700000000003,1.76522901045768
416,3611.03,1.87391568082037
417,3613.69,1.7897143511830602
418,3616.35,2.1511290215457506
419,3619.0099999999998,1.8624896919084406
420,3621.67,1.6398523622711305
421,3624.33,1.7523160326338207
422,3626.99,2.0450487029965108
423,3629.6499999999996,1.9456193733592009
424,3632.3100000000004,2.029675043721891
425,3634.9700000000003,1.905516714084581
426,3637.63,1.877473384447271
427,3640.29,2.1637500548099613
428,3642.95,1.9733457251726512
429,3645.61,1.9066853955353413
430,3648.27,1.9644290658980315
431,3650.93,2.0468767362607214
432,3653.5899999999997,2.1016704066234113
433,3656.25,2.2843030769861015
434,3658.9100000000003,2.0257777473487915
435,3661.57,2.082399417711482
436,3664.2400000000002,2.148755086834934
437,3666.9,1.869374757197624
438,3669.56,2.046524427560314
439,3672.22,2.186958097923004
440,3674.8799999999997,2.1191527682856943
441,3677.5400000000004,2.1878834386483845
442,3680.2000000000003,2.1072391090110747
443,3682.86,2.1126477793737646
444,3685.52,2.3051234497364548
445,3688.18,2.446263120099145
446,3690.84,2.210103790461835
447,3693.5,2.155943460824525
448,3696.16,1.988271131187215
449,3698.8199999999997,2.009442801549905
450,3701.4799999999996,1.7383704719125952
451,3704.1400000000003,1.7539881422752852
452,3706.8,2.0371938126379754
453,3709.46,1.8480564830006654
454,3712.12,2.263851153363355
455,3714.7799999999997,2.3163558237260453
456,3717.44,3.3733124940887356
457,3720.1,4.299630164451426
458,3722.7599999999998,5.686913834814116
459,3725.4199999999996,6.035074505176806
460,3728.08,5.213766175539496
461,3730.7400000000002,4.052337845902186
462,3733.4,3.151601516264876
463,3736.06,2.6601811866275664
464,3738.72,2.385355856990256
465,3741.39,2.1636075261137084
466,3744.0499999999997,2.1421911964763987
467,3746.7099999999996,2.1650938668390887
468,3749.3700000000003,2.355107537201779
469,3752.03,2.448933207564469
470,3754.69,2.241742877927159
471,3757.35,2.261282548289849
472,3760.0099999999998,2.522999218652539
473,3762.67,2.4394318890152293
474,3765.33,2.4247155593779195
475,3767.99,2.5388362297406095
476,3770.6499999999996,2.4898659001032994
477,3773.3100000000004,2.6204555704659893
478,3775.9700000000003,2.6969582408286796
479,3778.63,2.6068129111913696
480,3781.29,2.8017235815540595
481,3783.95,2.9415732519167497
482,3786.61,2.7447129222794397
483,3789.27,2.3579595926421297
484,3791.93,2.08401226300482
485,3794.5899999999997,2.2648409333675104
486,3797.25,2.3103776037302004
487,3799.9100000000003,2.1675562740928904
488,3801.8939600000003,2.4168555192255248
489,3802.57,2.501804961911609
490,3805.23,2.8906537009581577
491,3807.89,2.721812440004707
492,3810.5499999999997,2.873599179051256
493,3813.21,2.855082918097805
494,3815.87,2.827795657144354
495,3818.5400000000004,2.858479395209875
496,3821.2000000000003,2.7091301342564242
497,3823.86,2.316798873302973
498,3826.52,2.142767612349522
499,3829.18,2.027746351396071
500,3831.84,1.7704640904426199
501,3834.5,1.835709829489169
502,3837.16,2.2036785685357176
503,3839.8199999999997,2.268267307582267
504,3842.4799999999996,2.451605046628816
505,3845.1400000000003,3.0336587856753647
506,3847.8,2.920366524721914
507,3850.46,3.009052263768463
508,3853.12,3.073373002815012
509,3855.7799999999997,3.272426741861561
510,3858.44,3.13330848090811
511,3861.1,3.1576722199546587
512,3863.7599999999998,3.1900769590012077
513,3866.42,3.3720766980477572
514,3869.08,3.1900774370943057
515,3871.7400000000002,2.958620176140855
516,3874.4,2.723508915187404
517,3877.06,2.628489654233953
518,3879.72,2.542729393280502
519,3882.38,2.4286571323270505
520,3885.04,2.2376678713735996
521,3887.7,2.2019506104201487
522,3890.36,2.5222633494666975
523,3893.03,2.741282087532219
524,3895.69,2.899160826578768
525,3898.35,3.0390085656253167
526,3901.0099999999998,3.1481593046718657
527,3903.67,3.1454800437184147
528,3906.33,2.968354782764964
529,3908.99,3.155225521811513
530,3911.6499999999996,3.334544260858062
531,3914.31,3.1415819999046106
532,3916.9700000000003,2.9664067389511595
533,3919.63,2.873580477997709
534,3922.29,2.9988112170442576
535,3924.95,2.860667956090807
536,3927.61,2.528831695137356
537,3930.27,2.4496494341839044
538,3932.93,2.383380173230454
539,3935.59,2.2770559122770027
540,3938.25,2.4674356513235516
541,3940.9100000000003,2.951547390370101
542,3943.57,3.13476412941665
543,3946.23,3.1812988684631986
544,3948.89,3.2129726075097476
545,3951.5499999999997,3.1435353465562965
546,3954.21,3.0765350856028455
547,3956.87,2.7468908246493946
548,3959.53,2.6586935636959437
549,3962.19,2.6258033027424927
550,3964.85,2.3797030417890417
551,3967.51,2.2228477808355906
552,3970.18,2.1916515189011117
553,3972.84,2.3825422579476605
554,3975.5,2.84457799699421
555,3978.16,2.8996407360407583
556,3980.8199999999997,2.899153475087308
557,3983.48,3.1328032141338564
558,3986.1400000000003,3.3372169531804055
559,3988.8,3.388137692226955
560,3991.46,3.335512431273503
561,3994.12,3.4285821703200523
562,3996.7799999999997,3.5370019093666016
563,3999.44,3.4076296484131503
564,4002.1,3.4466123874596994
565,4004.7599999999998,3.2692441265062486
566,4007.42,3.3637768655527975
567,4010.08,3.6844056045993465
568,4012.7400000000002,3.594990343645896
569,4015.4,3.4661060826924444
570,4018.06,3.4120178217389934
571,4020.72,3.5801295607855423
572,4023.3799999999997,3.5655112998320915
573,4026.04,3.3182170388786405
574,4028.7000000000003,3.4478337779251893
575,4031.36,3.3550075169717384
576,4034.02,3.4785332560182876
577,4036.6800000000003,3.430049995064836
578,4039.34,3.5791577341113854
579,4042.0,3.4965644731579344
580,4044.67,3.6597852112234555
581,4047.33,3.4709649502700044
582,4049.99,3.5318746893165534
583,4052.6499999999996,3.4139544283631027
584,4055.31,3.4251621674096513
585,4057.9700000000003,3.4434349064562007
586,4060.63,3.395438645502749
587,4063.29,3.383257384549298
588,4065.95,3.3189371235958474
589,4068.6099999999997,3.347442862642396
590,4071.27,3.5257866016889454
591,4073.93,3.5150673407354946
592,4076.59,3.3576760797820433
593,4079.25,3.290188818828592
594,4081.9100000000003,3.2231885578751416
595,4084.57,3.18396229692169
596,4087.23,3.1586250359682393
597,4089.89,3.0082997750147884
598,4092.5499999999997,3.032419514061337
599,4095.21,2.8989062531078864
600,4097.87,2.777816992154435
601,4100.53,2.597037731200984
602,4103.19,2.7210504702475333
603,4105.849999999999,3.008057209294082
604,4108.51,2.859437948340631
605,4111.17,3.0733536873871805
606,4113.83,3.1764124264337292
607,4116.49,3.1625251654802784
608,4119.15,3.3067609045268274
609,4121.82,3.4005456425923484
610,4124.48,3.3082073816388973
611,4127.14,3.311131120685446
612,4129.8,3.415408859731995
613,4132.46,3.431002598778544
614,4135.12,3.4660863378250935
615,4137.78,3.589124076871642
616,4140.4400000000005,3.515789815918191
617,4143.1,3.48874555496474
618,4145.76,3.460484294011289
619,4148.42,3.497518033057838
620,4151.08,3.3306247721043873
621,4153.74,3.523830511150936
622,4156.400000000001,3.694866250197485
623,4159.06,3.503122989244034
624,4161.72,3.444404728290583
625,4164.38,3.4855814673371324
626,4167.04,3.598873206383681
627,4169.7,3.45220294543023
628,4172.36,3.421991684476779
629,4175.0199999999995,3.505804423523328
630,4177.679999999999,3.495571162569877
631,4180.34,3.424428901616426
632,4183.0,3.4621936406629747
633,4185.66,3.437586379709524
634,4188.32,3.454886118756073
635,4190.9800000000005,3.4960608578026218
636,4193.64,3.5613555968491712
637,4196.3,3.4451403358957204
638,4198.97,3.442688073961241
639,4201.63,3.54745281300779
640,4204.29,3.473143552054339
641,4206.95,3.644908291100888
642,4209.61,3.706794030147437
643,4212.27,3.4514607691939863
644,4214.93,3.5457485082405347
645,4217.59,3.4059012472870838
646,4220.25,3.1510549863336332
647,4222.91,3.302354725380182
648,4225.57,3.458040464426731
649,4228.2300000000005,3.44707720347328
650,4230.89,3.419788942519829
651,4233.55,3.385193681566378
652,4236.21,3.4232014206129273
653,4238.87,3.5803481596594757
654,4241.53,3.411019898706025
655,4244.19,3.4782646377525737
656,4246.849999999999,3.292124376799123
657,4249.51,3.311616115845672
658,4252.17,3.334761854892221
659,4254.83,3.38397659393877
660,4257.49,3.372526332985319
661,4260.15,3.4232040720318677
662,4262.81,3.362050811078417
663,4265.47,3.385927550124966
664,4268.13,3.3447532891715146
665,4270.79,3.4105350282180638
666,4273.45,3.366193767264613
667,4276.12,3.4767895053301334
668,4278.78,3.331582244376683
669,4281.4400000000005,3.252642983423232
670,4284.1,3.161765722469781
671,4286.76,3.19027246151633
672,4289.42,3.191734200562879
673,4292.08,3.0723519396094274
674,4294.74,3.109871678655977
675,4297.400000000001,3.099396417702526
676,4300.06,3.0940361567490746
677,4302.72,3.077468895795624
678,4305.38,3.084778634842173
679,4308.04,3.0784443738887215
680,4310.7,3.1883251129352708
681,4313.36,3.1415468519818197
682,4316.0199999999995,3.2092785910283688
683,4318.679999999999,3.227308330074918
684,4321.34,3.2784730691214663
685,4324.0,3.2731138081680156
686,4326.66,3.185159547214565
687,4329.32,3.2658042862611136
688,4331.9800000000005,3.2584960253076627
689,4334.64,3.2826157643542118
690,4337.3,3.3142895034007607
691,4339.96,3.2548412424473097
692,4342.62,3.177851981493859
693,4345.280000000001,3.1634777205404077
694,4347.9400000000005,3.168106459586957
695,4350.6,3.1179171986335055
696,4353.27,3.3610539366990264
697,4355.93,3.4161166757455756
698,4358.59,3.420990414792125
699,4361.25,3.4356091538386733
700,4363.91,3.4831178928852227
701,4365.15832,3.476486657038079
702,4366.570000000001,3.468987849634979
703,4369.2300000000005,3.470693998895268
704,4371.89,3.383959148155557
705,4374.55,3.383716297415846
706,4377.21,3.2139014466761346
707,4379.87,3.3603285959364237
708,4382.53,3.320859745196713
709,4385.19,3.352289894457002
710,4387.849999999999,3.3959020437172907
711,4390.51,3.3976081929775797
712,4393.17,3.5006683422378684
713,4395.83,3.3807984914981577
714,4398.49,3.4426826407584463
715,4401.15,3.495553790018735
716,4403.81,3.266776939279024
717,4406.47,3.326225088539313
718,4409.13,3.519920237799602
719,4411.79,3.533320387059891
720,4414.45,3.41174453632018
721,4417.110000000001,3.4329426855804686
722,4419.77,3.430993834840758
723,4422.43,3.5369779841010467
724,4425.09,3.603492133361336
725,4427.75,3.5496482826216242
726,4430.42,3.4090544324430425
727,4433.08,3.4063745817033313
728,4435.740000000001,3.5925147309636203
729,4438.400000000001,3.525027880223909
730,4441.06,3.445115029484198
731,4443.72,3.455836178744487
732,4446.38,3.519183328004776
733,4449.04,3.585940477265065
734,4451.7,3.6061626265253537
735,4454.36,3.581556775785643
736,4457.0199999999995,3.5408689250459315
737,4459.679999999999,3.4855630743062207
738,4462.34,3.63321022356651
739,4465.0,3.599588372826798
740,4467.66,3.6234655220870873
741,4470.32,3.5978846713473764
742,4472.98,3.6556278206076653
743,4475.64,3.702650969867954
744,4478.3,3.612505119128243
745,4480.96,3.646859268388532
746,4483.62,3.704845417648821
747,4486.280000000001,3.61445656690911
748,4488.9400000000005,3.5323507161693986
749,4491.6,3.6855998654296873
750,4494.26,3.8142430146899766
751,4496.92,3.7606421639502656
752,4499.58,3.6595323132105544
753,4502.24,3.7872004624708433
754,4504.9,3.704120611731132
755,4507.570000000001,3.60713676155255
756,4510.2300000000005,3.5898389108128392
757,4512.89,3.641491060073128
758,4515.55,3.4638792093334168
759,4518.21,3.4270903585937056
760,4520.87,3.3929815078539947
761,4523.53,3.4490196571142837
762,4526.19,3.4088198063745727
763,4528.849999999999,3.5104169556348612
764,4531.51,3.53575710489515
765,4534.17,3.3739812541554395
766,4536.83,3.4668084034157283
767,4539.49,3.419786552676017
768,4542.15,3.451703701936306
769,4544.81,3.525527851196595
770,4547.47,3.442934000456884
771,4550.13,3.323065149717173
772,4552.79,3.4327022989774614
773,4555.45,3.4629144482377505
774,4558.110000000001,3.5423415974980395
775,4560.77,3.5401497467583285
776,4563.43,3.5788888960186176
777,4566.09,3.7240990452789062
778,4568.75,3.7660051945391952
779,4571.41,3.6819503437994845
780,4574.07,3.5177384930597735
781,4576.73,3.6212856423200623
782,4579.389999999999,3.701930791580351
783,4582.05,3.51554794084064
784,4584.72,3.5947150906620577
785,4587.38,3.641495239922347
786,4590.04,3.5652363891826355
787,4592.7,3.7201915384429243
788,4595.36,3.5610966877032135
789,4598.0199999999995,3.4979938369635026
790,4600.679999999999,3.5318609862237915
791,4603.34,3.39323113548408
792,4606.0,3.437817284744369
793,4608.66,3.533324434004658
794,4611.32,3.5640245832649473
795,4613.98,3.642719732525236
796,4616.64,3.7818388817855246
797,4619.3,3.780621031045814
798,4621.96,3.490935180306103
799,4624.62,3.7070433295663916
800,4627.28,3.478998478826681
801,4629.9400000000005,3.5905856280869695
802,4632.6,3.7487077773472586
803,4635.26,3.5966779266075473
804,4637.92,3.6541770758678362
805,4640.58,3.5396672251281256
806,4643.24,3.575482374388414
807,4645.9,3.630790523648703
808,4648.5599999999995,3.659783672908992
809,4651.219999999999,3.623481822169281
810,4653.88,3.6836619714295695
811,4656.54,3.7192341206898587
812,4659.21,3.5713302705112766
813,4661.87,3.6383314197715655
814,4664.53,3.6003245690318546
815,4667.19,3.508960718292143
816,4669.849999999999,3.545506867552432
817,4672.51,3.624934016812721
818,4675.17,3.56841016607301
819,4677.83,3.5866843153332995
820,4680.49,3.696078464593588
821,4683.15,3.678537613853877
822,4685.81,3.602522763114166
823,4688.47,3.592046912374455
824,4691.13,3.6383390616347437
825,4693.79,3.7272682108950326
826,4696.45,3.6985193601553217
827,4699.110000000001,3.5925365094156105
828,4701.77,3.5628136586758994
829,4704.43,3.577188807936188
830,4707.09,3.506290957196477
831,4709.75,3.680737106456766
832,4712.41,3.678788255717055
833,4715.07,3.9175564049773444
834,4717.73,3.765525554237633
835,4720.389999999999,3.6597867034979217
836,4723.05,3.700718852758211
837,4725.71,3.5443030020185
838,4728.37,3.5718351512787887
839,4731.03,3.4902163005390774
840,4733.69,3.6578414497993665
841,4736.36,3.688037599620784
842,4739.0199999999995,3.5883897488810734
843,4741.679999999999,3.5045788981413626
844,4744.34,3.5706060474016508
845,4747.0,3.74773219666194
846,4749.66,3.650033345922229
847,4752.32,3.687798495182518
848,4754.98,3.672692644442807
849,4757.64,3.5555027937030954
850,4760.3,3.532601942963385
851,4762.96,3.6790300922236736
852,4765.62,3.608131241483963
853,4768.28,3.5231023907442514
854,4770.9400000000005,3.5971695400045403
855,4773.6,3.6071586892648293
856,4776.26,3.484609838525118
857,4778.92,3.4553729877854074
858,4781.58,3.492163137045696
859,4784.24,3.458054286305985
860,4786.9,3.488022435566274
861,4789.5599999999995,3.5011795848265628
862,4792.22,3.5084897340868517
863,4794.88,3.3567038833471403
864,4797.54,3.5486910326074295
865,4800.2,3.4507491818677187
866,4802.86,3.4936303311280077
867,4805.5199999999995,3.4122554803882967
868,4808.18,3.584752629648585
869,4810.84,3.579880778908874
870,4813.509999999999,3.604474928730292
871,4816.17,3.5635430779905812
872,4818.83,3.57207122725087
873,4821.49,3.374480376511159
874,4824.15,3.4675515257714475
875,4826.81,3.4902106750317365
876,4829.47,3.393486824292026
877,4832.13,3.395679973552314
878,4834.79,3.3620591228126036
879,4837.45,3.4336892720728924
880,4840.110000000001,3.3937334213331813
881,4842.77,3.3718055705934704
882,4845.43,3.376435719853759
883,4848.09,3.400556869114048
884,4850.75,3.554781018374337
885,4853.41,4.068860167634625
886,4856.07,4.462581316894915
887,4858.73,4.390222466155204
888,4861.39,3.7701606154154925
889,4864.05,3.6505347646757818
890,4866.71,3.558926913936071
891,4869.37,3.5143410631963596
892,4872.03,3.3779042124566483
893,4874.69,3.319187361716937
894,4877.349999999999,3.4081165109772265
895,4880.01,3.452215660237515
896,4882.67,3.315778809497804
897,4885.33,3.4663479587580928
898,4887.99,3.483403108018382
899,4890.66,3.4110292578398
900,4893.32,3.401528407100089
901,4895.98,3.4244305563603774
902,4898.64,3.5111667056206666
903,4901.3,3.5667178548809555
904,4903.96,3.5618450041412446
905,4906.62,3.4651201534015335
906,4909.28,3.397146302661822
907,4911.9400000000005,3.210276451922111
908,4914.6,3.4183446011824
909,4917.26,3.362551750442689
910,4919.92,3.417857899702978
911,4922.58,3.4146910489632667
912,4925.24,3.331611198223556
913,4927.9,3.444417347483845
914,4930.5599999999995,3.522138496744134
915,4933.22,3.4142066460044225
916,4935.88,3.3528107952647113
917,4938.54,3.4975329445250005
918,4941.2,3.5730610937852894
919,4943.86,3.6247142430455783
920,4946.5199999999995,3.709744392305867
921,4949.18,3.741174541566156
922,4951.84,3.892475690826445
923,4954.5,3.907581840086734
924,4957.16,4.000895989347023
925,4959.82,3.8754231386073115
926,4962.4800000000005,3.6856282878676008
927,4965.14,3.6225264371278896
928,4967.8099999999995,3.5401625869493074
929,4970.47,3.3435467362095967
930,4973.13,3.4039698854698854
931,4975.79,3.3932500347301744
932,4978.45,3.316991183990463
933,4981.110000000001,3.3815573332507523
934,4983.77,3.455136482511041
935,4986.43,3.4105506317713297
936,4989.09,3.5301787810316188
937,4991.75,3.598153930291908
938,4994.41,3.666374079552197
939,4997.07,4.000647228812486
940,4999.73,4.422874378072774
941,5002.39,4.571250527333064
942,5005.05,4.686249676593352
943,5007.71,4.439687825853641
944,5010.37,4.14926997511393
945,5011.87234,3.9743750918356726
946,5013.030000000001,3.8396061374277957
947,5015.6900000000005,3.61789531668179
948,5018.35,3.5589344959357843
949,5021.01,3.4597746751897787
950,5023.67,3.4371168544437727
951,5026.33,3.3942360336977666
952,5028.99,3.359152212951761
953,5031.65,3.3082333922057554
954,5034.3099999999995,3.2697385714597496
955,5036.969999999999,3.235629750713744
956,5039.63,3.3574509299677384
957,5042.29,3.4441861092217327
958,5044.960000000001,3.3571942891496143
959,5047.620000000001,3.3761994684036085
960,5050.280000000001,3.419567647657603
961,5052.9400000000005,3.5901148269115972
962,5055.6,3.459038006165591
963,5058.26,3.3569541854195855
964,5060.92,3.38326736467358
965,5063.58,3.452705543927574
966,5066.24,3.418352723181568
967,5068.9,3.3564699024355624
968,5071.56,3.4093400816895567
969,5074.22,3.402761260943551
970,5076.88,3.3530604401975452
971,5079.54,3.32552961945154
972,5082.2,3.381079798705534
973,5084.86,3.4539289779595284
974,5087.5199999999995,3.5401781572135227
975,5090.179999999999,3.431515336467517
976,5092.839999999999,3.3749915157215113
977,5095.499999999999,3.404960694975505
978,5098.160000000001,3.3676838742294994
979,5100.820000000001,3.3525790534834936
980,5103.4800000000005,3.3552602327374883
981,5106.14,3.3133544119914826
982,5108.8,3.3328465912454766
983,5111.46,3.246841770499471
984,5114.12,3.3357709497534653
985,5116.78,3.2809531290074596
986,5119.44,3.400824308261454
987,5122.11,3.2865444881893353
988,5124.7699999999995,3.33210566744333
989,5127.429999999999,3.306036846697324
990,5130.09,3.3218740259513186
991,5132.75,3.3143222052053125
992,5135.41,3.297998384459307
993,5138.07,3.273148563713301
994,5140.7300000000005,3.2682767429672954
995,5143.39,3.2867929222212897
996,5146.05,3.2875251014752838
997,5148.71,3.274369280729278
998,5151.37,3.3065304599832723
999,5154.03,3.3662226392372667
1000,5156.6900000000005,3.398139818491261
1001,5159.35,3.2863099977452555
1002,5162.01,3.1895861769992497
1003,5164.67,3.143051356253244
1004,5167.33,2.982980535507238
1005,5169.99,3.109916714761232
1006,5172.65,3.0538808940152267
1007,5175.3099999999995,3.081900073269221
1008,5177.969999999999,3.1601082525232154
1009,5180.63,3.1337964317772093
1010,5183.29,3.357701611031204
1011,5185.950000000001,3.242216790285198
1012,5188.610000000001,3.3299279695391926
1013,5191.27,3.4295771487931868
1014,5193.93,3.476356328047181
1015,5196.59,3.3116565073011754
1016,5199.26,3.446864687229057
1017,5201.92,3.3740168664830508
1018,5204.58,3.3630540457370453
1019,5207.24,3.3031192249910393
1020,5209.9,3.3148144042450336
1021,5212.56,3.277538583499028
1022,5215.22,3.3335757627530223
1023,5217.88,3.250251942007017
1024,5220.54,3.2324671212610108
1025,5223.2,3.2982503005150052
1026,5225.86,3.3072654797689998
1027,5228.5199999999995,3.3094586590229937
1028,5231.179999999999,3.2777858382769884
1029,5233.839999999999,3.4571060175309825
1030,5236.499999999999,3.3345551967849762
1031,5239.160000000001,3.427382376038971
1032,5241.820000000001,3.302884555292965
1033,5244.4800000000005,3.419587734546959
1034,5247.14,3.3438159138009538
1035,5249.8,3.394007093054948
1036,5252.46,3.336996272308942
1037,5255.12,3.2802284515629365
1038,5257.78,3.1647436308169308
1039,5260.44,3.2173708100709253
1040,5263.099999999999,3.1757089893249195
1041,5265.76,3.163040168578914
1042,5268.42,3.085807347832908
1043,5271.08,3.135022527086902
1044,5273.75,3.2295437070147837
1045,5276.41,3.198357886268778
1046,5279.07,3.455885065522772
1047,5281.7300000000005,3.5114352447767665
1048,5284.39,3.413492424030761
1049,5287.05,3.497792603284755
1050,5289.71,3.4773277825387496
1051,5292.37,3.5416489617927436
1052,5295.03,3.4412711410467383
1053,5297.6900000000005,3.5657703203007323
1054,5300.35,3.3913254995547266
1055,5303.01,3.587455678808721
1056,5305.67,3.5950088580627155
1057,5308.33,3.628144037316709
1058,5310.99,3.6283892165707035
1059,5313.65,3.510468395824698
1060,5316.3099999999995,3.5353205750786922
1061,5318.969999999999,3.5492077543326865
1062,5321.63,3.5535949335866808
1063,5324.29,3.3935241128406752
1064,5326.950000000001,3.3370002920946695
1065,5329.610000000001,3.386703471348664
1066,5332.27,3.332615650602658
1067,5334.93,3.3136128298566523
1068,5337.59,3.468324009110647
1069,5340.25,3.4454231883646407
1070,5342.91,3.4668633676186347
1071,5345.57,3.5674875468726293
1072,5348.2300000000005,3.5492147261266234
1073,5350.9,3.507296906054505
1074,5353.56,3.448824085308499
1075,5356.22,3.4887812645624936
1076,5358.88,3.6032924438164877
1077,5361.54,3.5236226230704824
1078,5364.2,3.5009648023244764
1079,5366.86,3.310927981578471
1080,5369.5199999999995,3.429093160832465
1081,5372.179999999999,3.4161803400864597
1082,5374.839999999999,3.4999935193404537
1083,5377.499999999999,3.4271456985944475
1084,5380.160000000001,3.473437877848442
1085,5382.820000000001,3.4617440571024365
1086,5385.4800000000005,3.391333236356431
1087,5388.14,3.4912254156104248
1088,5390.8,3.2317505948644194
1089,5393.46,3.1440407741184133
1090,5396.12,3.286326953372408
1091,5398.78,3.331644132626402
1092,5401.44,3.3533293118803966
1093,5404.099999999999,3.379886491134391
1094,5406.76,3.2161616703883853
1095,5409.42,3.4359248496423795
1096,5412.08,3.3474840288963734
1097,5414.74,3.4481072081503674
1098,5417.4,3.516571387404362
1099,5420.0599999999995,3.5611575666583564
1100,5422.719999999999,3.4539567459123504
1101,5425.379999999999,3.4836819251663447
1102,5428.05,3.4632041050942264
1103,5430.71,3.586972284348221
1104,5433.37,3.561878463602215
1105,5436.03,3.4415216428562094
1106,5438.6900000000005,3.4483438221102034
1107,5441.35,3.546044001364198
1108,5444.01,3.479775180618192
1109,5446.67,3.3240903598721863
1110,5449.33,3.4342155391261806
1111,5451.99,3.4300737183801746
1112,5454.65,3.493664897634169
1113,5457.3099999999995,3.4593120768881636
1114,5459.969999999999,3.5728482561421577
1115,5462.63,3.492204435396152
1116,5465.290000000001,3.4517606146501465
1117,5467.950000000001,3.4468887939041406
1118,5470.610000000001,3.423743973158135
1119,5473.27,3.317030152412129
1120,5475.93,3.3976753316661235
1121,5478.59,3.424720510920118
1122,5481.25,3.507801690174112
1123,5483.91,3.467114869428106
1124,5486.57,3.4805160486821003
1125,5489.2300000000005,3.410104227936095
1126,5491.89,3.519742407190089
1127,5494.55,3.4364185864440833
1128,5497.21,3.5821157656980778
1129,5499.87,3.443241944952072
1130,5502.53,3.5268111242060662
1131,5505.2,3.482943304133948
1132,5507.86,3.436896483387942
1133,5510.5199999999995,3.4325116626419363
1134,5513.179999999999,3.4853818418959306
1135,5515.839999999999,3.462724021149925
1136,5518.499999999999,3.5236342004039187
1137,5521.160000000001,3.5187623796579133
1138,5523.820000000001,3.4466455589119076
1139,5526.4800000000005,3.4524937381659018
1140,5529.14,3.4576109174198963
1141,5531.8,3.3764790966738905
1142,5534.46,3.3318942759278847
1143,5537.12,3.443237455181879
1144,5539.78,3.6055026344358736
1145,5542.44,3.621339813689868
1146,5545.099999999999,3.571636992943862
1147,5547.76,3.5560451721978565
1148,5550.42,3.39207635145185
1149,5553.08,3.5930795307058445
1150,5555.74,3.540210709959839
1151,5558.4,3.621342889213833
1152,5561.0599999999995,3.5453280684678274
1153,5563.719999999999,3.393785247721822
1154,5566.38,3.429844426975816
1155,5569.04,3.3791686062298103
1156,5571.700000000001,3.3837977854838046
1157,5574.360000000001,3.462006964737799
1158,5577.02,3.5438701439917932
1159,5579.68,3.5282773232457876
1160,5582.35,3.398406503173669
1161,5585.01,3.4057166824276637
1162,5587.67,3.4383638616816574
1163,5590.33,3.3421280409356515
1164,5592.99,3.3662482201896458
1165,5595.65,3.19350939944364
1166,5598.3099999999995,3.4093735786976347
1167,5600.969999999999,3.593808757951629
1168,5603.63,3.519986937205623
1169,5606.290000000001,3.4707721164596177
1170,5608.950000000001,3.383306295713612
1171,5611.610000000001,3.4802754749676064
1172,5614.27,3.4936756542216005
1173,5616.93,3.393784833475595
1174,5619.59,3.4481170127295893
1175,5622.25,3.473213191983583
1176,5624.91,3.4817403712375774
1177,5627.57,3.5282765504915714
1178,5630.2300000000005,3.439592729745566
1179,5632.89,3.4897819089995603
1180,5635.55,3.417666088253555
1181,5638.21,3.451532267507549
1182,5640.87,3.4734594467615434
1183,5643.53,3.3886746260155376
1184,5646.19,3.3333688052695316
1185,5648.849999999999,3.384289984523526
1186,5651.509999999999,3.3406801637775203
1187,5654.169999999999,3.429364343031515
1188,5656.830000000001,3.3940375222855086
1189,5659.499999999999,3.30461070221339
1190,5662.160000000001,3.3845248814673843
1191,5664.820000000001,3.4349590607213787
1192,5667.4800000000005,3.484418239975373
1193,5670.14,3.4015814192293674
1194,5672.8,3.4688265984833615
1195,5675.46,3.375513777737356
1196,5678.12,3.3723459569913503
1197,5680.78,3.2093531362453445
1198,5683.44,3.276598315499339
1199,5686.099999999999,3.230062494753333
1200,5688.76,3.3886726740073274
1201,5691.42,3.4013428532613212
1202,5694.08,3.3584620325153156
1203,5696.74,3.27270221176931
1204,5699.4,3.3535913910233046
1205,5702.0599999999995,3.315583570277299
1206,5704.719999999999,3.242735749531293
1207,5707.38,3.4690779287852873
1208,5710.04,3.275629108039282
1209,5712.7,3.423518287293276
1210,5715.360000000001,3.33142346654727
1211,5718.02,3.4790686458012647
1212,5720.68,3.4620148250552587
1213,5723.34,3.409634004309253
1214,5726.0,3.3772301835632472
1215,5728.66,3.4673763628172414
1216,5731.32,3.5599605420712357
1217,5733.98,3.41718872132523
1218,5736.65,3.3423809012531116
1219,5739.3099999999995,3.3735660805071057
1220,5741.969999999999,3.4527492597611
1221,5744.629999999999,3.4880774390150946
1222,5747.290000000001,3.4824746182690887
1223,5749.950000000001,3.4983117975230833
1224,5752.610000000001,3.4257079767770775
1225,5754.399369999999,3.4152194293002878
1226,5755.27,3.410116246792385
1227,5757.93,3.573598703345685
1228,5760.59,3.482722159898985
1229,5763.25,3.4737086164522846
1230,5765.91,3.3531080730055844
1231,5768.57,3.443986529558884
1232,5771.2300000000005,3.3372729861121844
1233,5773.89,3.2641814426654845
1234,5776.55,3.294637899218784
1235,5779.21,3.155520355772084
1236,5781.87,3.1903618123253836
1237,5784.53,3.238360268878684
1238,5787.19,3.196941725431983
1239,5789.849999999999,3.2001101819852833
1240,5792.509999999999,3.406473638538583
1241,5795.169999999999,3.260534095091883
1242,5797.830000000001,3.2812445516451825
1243,5800.490000000001,3.4464330081984826
1244,5803.150000000001,3.4279174647517823
1245,5805.81,3.446921921305082
1246,5808.47,3.4895593778583818
1247,5811.13,3.335580834411682
1248,5813.8,3.5399822926813473
1249,5816.46,3.4549527492346472
1250,5819.12,3.414998205787947
1251,5821.78,3.3835696623412472
1252,5824.44,3.4571491188945465
1253,5827.099999999999,3.4169495754478465
1254,5829.76,3.557043032001147
1255,5832.42,3.5836004885544464
1256,5835.08,3.3808929451077465
1257,5837.74,3.354824401661046
1258,5840.4,3.700792858214346
1259,5843.0599999999995,3.4383953147676456
1260,5845.72,3.3336307713209457
1261,5848.38,3.4608112278742453
1262,5851.04,3.4554516844275454
1263,5853.7,3.299524140980845
1264,5856.360000000001,3.348008597534145
1265,5859.02,3.405021054087445
1266,5861.68,3.438400510640745
1267,5864.34,3.4103839671940444
1268,5867.0,3.3816344237473444
1269,5869.66,3.548527880300644
1270,5872.32,3.503700336853944
1271,5874.98,3.5426827934072436
1272,5877.639999999999,3.515883249960544
1273,5880.3,3.436701706513843
1274,5882.96,3.2963661630671433
1275,5885.62,3.248856619620443
1276,5888.290000000001,3.094136077890109
1277,5890.950000000001,2.874131534443409
1278,5893.610000000001,2.9316309909967084
1279,5896.27,3.0532074475500086
1280,5898.93,3.181605904103308
1281,5901.59,3.106566360656608
1282,5904.25,3.221807817209908
1283,5906.91,3.445956273763208
1284,5909.57,3.1857517303165075
1285,5912.2300000000005,3.4057581868698077
1286,5914.89,3.517588643423107
1287,5917.55,3.211092099976407
1288,5920.21,3.2693225565297066
1289,5922.87,3.454976013083007
1290,5925.53,3.3192704696363062
1291,5928.19,3.3297479261896066
1292,5930.849999999999,3.3017303827429063
1293,5933.509999999999,3.3438808392962063
1294,5936.169999999999,3.4133182958495056
1295,5938.830000000001,3.3475367524028057
1296,5941.490000000001,3.2276672089561056
1297,5944.150000000001,3.2500826655094057
1298,5946.81,3.3295101220627052
1299,5949.47,3.519305578616005
1300,5952.13,3.383112035169305
1301,5954.79,3.337552491722605
1302,5957.45,3.4920199482759045
1303,5960.11,3.3241544048292044
1304,5962.7699999999995,3.3994398613825045
1305,5965.44,3.34046831965217
1306,5968.099999999999,3.2971017762054697
1307,5970.76,3.3772602327587697
1308,5973.42,3.43841368931207
1309,5976.08,3.324391145865369
1310,5978.74,3.2727406024186694
1311,5981.4,3.4028450589719688
1312,5984.0599999999995,3.4642425155252687
1313,5986.72,3.4038209720785684
1314,5989.38,3.2793224286318687
1315,5992.04,3.3268328851851683
1316,5994.7,3.269822341738468
1317,5997.360000000001,3.386282798291768
1318,6000.02,3.302959254845068
1319,6002.68,3.3638697113983675
1320,6005.34,3.3689871679516674
1321,6008.0,3.214520624504967
1322,6010.66,3.318555081058267
1323,6013.32,3.354614537611567
1324,6015.98,3.385313994164867
1325,6018.639999999999,3.206239450718167
1326,6021.3,3.1969819072714665
1327,6023.96,3.333908363824767
1328,6026.62,3.4133358203780664
1329,6029.28,3.5938742769313663
1330,6031.9400000000005,3.5746267334846658
1331,6034.6,3.370945190037966
1332,6037.26,3.2805556465912655
1333,6039.92,3.4411151031445657
1334,6042.59,3.472046561414231
1335,6045.25,3.404803017967531
1336,6047.91,3.4698554745208305
1337,6050.57,3.520776931074131
1338,6053.2300000000005,3.49422138762743
1339,6055.89,3.4808218441807304
1340,6058.55,3.36826130073403
1341,6061.21,3.31417475728733
1342,6063.87,3.3614412138406298
1343,6066.53,3.3570566703939297
1344,6069.19,3.338784126947229
1345,6071.849999999999,3.374113583500529
1346,6074.509999999999,3.4184560400538295
1347,6077.169999999999,3.299561496607129
1348,6079.830000000001,3.2691079531604292
1349,6082.490000000001,3.3051664097137285
1350,6085.150000000001,3.3270948662670286
1351,6087.81,3.3672963228203283
1352,6090.47,3.4671887793736285
1353,6093.13,3.379480235926928
1354,6095.79,3.344152692480228
1355,6098.45,3.2203851490335276
1356,6101.11,3.4131046055868275
1357,6103.7699999999995,3.4769390621401275
1358,6106.43,3.3568255186934275
1359,6109.09,3.391423975246727
1360,6111.75,3.430650431800027
1361,6114.41,3.3003038883533264
1362,6117.07,3.3553673449066266
1363,6119.74,3.423575803176292
1364,6122.4,3.203814259729592
1365,6125.06,3.220139716282892
1366,6127.72,3.158012172836192
1367,6130.38,3.2452356293894917
1368,6133.04,3.3487830859427916
1369,6135.7,3.1843275424960913
1370,6138.360000000001,3.273499999049391
1371,6141.02,3.2932354556026913
1372,6143.68,3.4201729121559907
1373,6146.34,3.353172368709291
1374,6149.0,3.3000598252625903
1375,6151.66,3.1840882818158907
1376,6154.32,3.22575173836919
1377,6156.98,3.11903919492249
1378,6159.639999999999,3.0447296514757896
1379,6162.3,3.19481210802909
1380,6164.96,3.3283275645823895
1381,6167.62,3.2228320211356896
1382,6170.280000000001,3.2430554776889893
1383,6172.9400000000005,3.183851934242289
1384,6175.6,3.213089390795589
1385,6178.26,3.3782778473488886
1386,6180.92,3.3276013039021883
1387,6183.58,3.3960647604554883
1388,6186.24,3.173622217008788
1389,6188.900000000001,3.173623673562088
1390,6191.56,3.178497130115388
1391,6194.22,3.246960586668688
1392,6196.89,3.2484130449383537
1393,6199.55,3.357564501491653
1394,6202.21,3.3020149580449534
1395,6204.87,3.397522414598253
1396,6207.53,3.424323871151553
1397,6210.19,3.2218603277048525
1398,6212.849999999999,3.1648497842581524
1399,6215.509999999999,3.221618240811452
1400,6218.169999999999,3.2462266973647522
1401,6220.830000000001,3.2481771539180517
1402,6223.490000000001,3.229904610471352
1403,6226.150000000001,3.2398940670246517
1404,6228.81,3.1953095235779516
1405,6231.47,3.2844819801312513
1406,6234.13,3.269621436684551
1407,6236.79,3.168511893237851
1408,6239.45,3.0920093497911507
1409,6242.11,3.1495098063444504
1410,6244.7699999999995,3.1202732628977508
1411,6247.43,3.0530297194510503
1412,6250.09,3.17533817600435
1413,6252.75,3.1361126325576496
1414,6255.41,3.2199250891109497
1415,6258.07,3.0391455456642493
1416,6260.73,2.9701960022175493
1417,6263.389999999999,3.1551194587708498
1418,6266.049999999999,3.394130915324149
1419,6268.709999999999,3.2674393718774493
1420,6271.37,3.243319828430749
1421,6274.04,3.216509286700415
1422,6276.7,3.135621743253714
1423,6279.360000000001,3.0907941998070143
1424,6282.02,3.1772866563603137
1425,6284.68,3.4572281129136138
1426,6287.34,3.4625895694669135
1427,6290.0,3.3997310260202136
1428,6292.66,3.2925304825735133
1429,6295.32,3.5108319391268132
1430,6297.98,3.430919395680113
1431,6300.639999999999,3.654336852233413
1432,6303.299999999999,3.3812193087867124
1433,6305.96,3.4825727653400125
1434,6308.62,3.273532221893312
1435,6311.280000000001,3.264274678446612
1436,6313.9400000000005,3.2099431349999117
1437,6316.6,3.429463591553212
1438,6319.26,3.346871048106512
1439,6321.92,3.3322525046598117
1440,6324.58,3.2294379612131117
1441,6327.24,3.407295417766411
1442,6329.900000000001,3.0503648743197114
1443,6332.56,3.1624393308730108
1444,6335.22,3.235531787426311
1445,6337.88,3.2255442439796105
1446,6340.54,3.2369957005329106
1447,6343.2,3.1383221570862103
1448,6345.86,3.1400286136395104
1449,6348.5199999999995,3.11566607019281
1450,6351.19,3.1339295284624757
1451,6353.849999999999,3.315197985015775
1452,6356.509999999999,3.3127624415690753
1453,6359.169999999999,3.136124898122375
1454,6361.830000000001,3.221399354675675
1455,6364.490000000001,3.192162811228975
1456,6367.150000000001,3.1344212677822747
1457,6369.81,3.3264097243355746
1458,6372.47,3.3156901808888746
1459,6375.13,3.2966876374421745
1460,6377.79,3.171945093995474
1461,6380.45,3.297176550548774
1462,6383.11,3.2318820071020737
1463,6385.7699999999995,3.4014554636553735
1464,6388.43,3.3826959202086733
1465,6391.09,3.2416303767619734
1466,6393.75,3.124439833315273
1467,6396.41,3.211907289868573
1468,6399.07,3.345422746421873
1469,6401.73,3.461883202975173
1470,6404.389999999999,3.5018406595284723
1471,6407.049999999999,3.329345116081772
1472,6409.709999999999,3.323254572635072
1473,6412.37,3.3157030291883722
1474,6415.030000000001,3.2628344857416716
1475,6417.6900000000005,3.159043942294972
1476,6420.35,3.2540643988482714
1477,6423.01,3.2908548554015713
1478,6425.67,3.219225311954871
1479,6428.34,3.263314770224537
1480,6431.0,3.2801272267778367
1481,6433.66,3.3132626833311365
1482,6436.32,3.3656461398844364
1483,6438.98,3.3325115964377363
1484,6441.639999999999,3.288414052991036
1485,6444.299999999999,3.3278845095443357
1486,6446.96,3.1914469660976357
1487,6449.620000000001,3.2384704226509355
1488,6452.280000000001,3.3052288792042357
1489,6454.9400000000005,3.191937335757535
1490,6457.6,3.2416397923108353
1491,6460.26,3.296947248864135
1492,6462.92,3.2245867054174346
1493,6465.58,3.2918321619707345
1494,6468.24,3.2075336185240344
1495,6470.900000000001,3.150280075077334
1496,6473.56,3.100090531630634
1497,6476.22,3.0898579881839336
1498,6478.88,3.2443264447372338
1499,6481.54,3.2399419012905333
1500,6484.2,3.1188543578438335
1501,6486.86,3.081577814397133
1502,6489.5199999999995,3.203642270950433
1503,6492.179999999999,3.2764907275037327
1504,6494.839999999999,3.328387184057033
1505,6497.500000000001,3.3057296406103323
1506,6500.160000000001,3.2940350971636323
1507,6502.830000000001,3.266007555433298
1508,6505.490000000001,3.267226011986598
1509,6508.150000000001,3.0864474685398977
1510,6510.81,3.3164429250931975
1511,6513.47,3.4209643816464976
1512,6516.13,3.378085838199797
1513,6518.79,3.225568294753097
1514,6521.45,3.2721047513063968
1515,6524.11,3.392219207859697
1516,6526.7699999999995,3.3283866644129967
1517,6529.43,3.2801461209662968
1518,6532.09,3.2051065775195964
1519,6534.75,3.3086540340728963
1520,6537.41,3.661444490626196
1521,6540.07,3.930665947179496
1522,6542.73,4.247885403732796
1523,6545.389999999999,4.193797860286096
1524,6548.049999999999,4.364103316839396
1525,6550.71,5.833491773392695
1526,6553.37,8.417286229945995
1527,6556.030000000001,10.087920686499293
1528,6558.6900000000005,9.071461143052595
1529,6561.35,6.874322599605895
1530,6564.01,6.118799056159194
1531,6566.67,5.5779205127124944
1532,6569.33,5.300659969265794
1533,6571.99,5.267038425819094
1534,6574.65,5.805238882372394
1535,6577.3099999999995,6.0157443389256935
1536,6579.98,5.831536797195359
1537,6582.639999999999,5.22073525374866
1538,6585.299999999999,4.9459127103019584
1539,6587.96,4.789740166855259
1540,6590.620000000001,4.438170623408559
1541,6593.280000000001,3.8317550799618583
1542,6595.9400000000005,3.3756635365151584
1543,6598.6,3.250189993068458
1544,6601.26,3.445833449621758
1545,6603.92,3.3637269061750574
1546,6606.58,3.286494362728358
1547,6606.93448,3.2820004542910954
1548,6616.15,3.16516943267235
1549,6631.4,3.202198447734922
1550,6646.69,3.2246094628370026
1551,6662.01,3.2099944779687144
1552,6677.37,3.225101493139934
1553,6692.76,3.1885575083407858
1554,6708.1900000000005,3.1961095235811454
1555,6723.66,3.0316435388610135
1556,6739.150000000001,3.1600485541606362
1557,6754.69,3.095732569509644
1558,6770.26,3.1751555848882833
1559,6785.870000000001,3.2197356003064304
1560,6801.509999999999,3.1035226157542093
1561,6817.19,3.1468916312414965
1562,6832.91,3.1763726467682925
1563,6848.66,3.033598662324719
1564,6864.45,3.0479716779206543
1565,6880.27,3.076483693546221
1566,6896.13,3.112294709211296
1567,6912.03,3.112533724915879
1568,6927.96,3.084274740650094
1569,6943.93,3.1710107564238164
1570,6959.94,3.1349527722370483
1571,6975.9800000000005,3.2453297880799106
1572,6992.0599999999995,3.238262803962282
1573,7008.18,3.150305819884161
1574,7024.34,3.0789158358455495
1575,7040.530000000001,3.209509851836568
1576,7056.759999999999,3.3379018678670955
1577,7073.03,3.044561883937132
1578,7089.339999999999,3.108395900046676
1579,7105.679999999999,3.024095916185851
1580,7122.06,3.0036289323645353
1581,7138.4800000000005,2.8554939485827275
1582,7154.93,2.8888759648305515
1583,7171.419999999999,2.8625669811178835
1584,7187.96,2.875961997454601
1585,7204.53,2.9229850138209494
1586,7221.13,3.0189880302169296
1587,7237.780000000001,3.068446046662295
1588,7254.469999999999,3.118381063147169
1589,7271.19,3.0267780796616743
1590,7287.95,3.041157096215688
1591,7304.75,3.1627281128092104
1592,7321.59,3.16297412944224
1593,7338.47,3.1488431461147792
1594,7355.39,3.2151041628268264
1595,7372.339999999999,3.1349551795685047
1596,7389.34,3.230459196359569
1597,7406.37,3.223399213180264
1598,7423.44,3.1142442300404674
1599,7440.56,3.2165662469500567
1600,7457.71,3.246545263889277
1601,7474.9,3.277000280868006
1602,7492.13,3.247275297886243
1603,7509.41,3.2850293149538654
1604,7526.72,3.3157333320511193
1605,7544.070000000001,3.323769349187882
1606,7561.45,3.278464366354275
1607,7578.89,3.204148383579932
1608,7585.77575,3.189840456165255
1609,7596.36,3.167848129537029
1610,7613.870000000001,3.1247243523559467
1611,7631.42,3.1466525779682835
1612,7649.01,3.1469038063740387
1613,7666.650000000001,2.9916950382715664
1614,7684.32,3.0548022722641583
1615,7702.04,3.006069509748523
1616,7719.79,2.992679749327952
1617,7737.59,3.0345799923991534
1618,7755.419999999999,2.884993237565419
1619,7773.299999999999,3.0211864862234576
1620,7791.22,3.0214287376749143
1621,7809.18,3.00803399191979
1622,7827.18,3.092580248958084
1623,7845.22,3.022414508789796
1624,7863.31,3.0577437721132816
1625,7881.44,3.0299620382301855
1626,7899.610000000001,3.0723553071405076
1627,7917.82,2.9617495788442483
1628,7936.07,2.9824628533414073
1629,7954.360000000001,2.8881781306319847
1630,7972.700000000001,2.9900154114143356
1631,7991.080000000001,3.0599406949901042
1632,8009.500000000001,2.9973269813592918
1633,8027.959999999999,3.1101392705218975
1634,8046.47,3.1683675631762767
1635,8065.02,3.1542328586240735
1636,8083.61,3.0543461568652894
1637,8102.25,2.9373944585982783
1638,8120.929999999999,3.1047757631246853
1639,8139.64,3.076522069746156
1640,8158.410000000001,3.027549380557755
1641,8177.219999999999,3.048988694162772
1642,8196.07,2.8986610105612076
1643,8214.960000000001,3.0991793297530617
1644,8233.9,3.0219486524366883
1645,8252.880000000001,3.106979977913734
1646,8271.9,3.164974306184198
1647,8290.97,3.0229316379464346
1648,8310.09,3.037060973200445
1649,8329.24,2.9547153105495183
1650,8348.449999999999,2.94813365208872
1651,8367.69,3.052169995722985
1652,8386.980000000001,2.9488683428490234
1653,8406.31,2.97639969276848
1654,8425.69,3.0460860461797097
1655,8445.11,2.791238402384358
1656,8464.58,2.9432737620807794
1657,8484.1,3.0122191252689734
1658,8503.65,2.910387490552232
1659,8523.25,2.8053798593272625
1660,8542.9,2.8908962315940667
1661,8562.6,2.951805607352644
1662,8582.33,2.965696985206285
1663,8602.119999999999,2.905271367250054
1664,8621.95,2.8789617520872404
1665,8641.83,2.959844140416201
1666,8661.74,2.8663005308402245
1667,8681.720000000001,2.7885729261527312
1668,8701.73,2.847051323560301
1669,8709.6359,2.862797858857913
1670,8721.79,2.887007306536524
1671,8741.9,2.968144328609413
1672,8762.05,2.776892358682448
1673,8782.24,2.868261396755628
1674,8802.49,2.921863446829025
1675,8822.78,3.003978504902567
1676,8843.119999999999,2.9835135729762903
1677,8863.5,2.9362536490501583
1678,8883.94,2.7722887371242444
1679,8904.42,2.8833928331984753
1680,8924.94,2.910438937272851
1681,8945.52,2.9579520533474444
1682,8966.14,2.8383321774221826
1683,8986.81,2.8319973114971018
1684,9007.53,2.7935074555722026
1685,9028.289999999999,2.5893426076474486
1686,9049.1,3.0354557697228755
1687,9069.960000000001,2.9060849417984835
1688,9090.869999999999,2.743822123874273
1689,9111.83,2.893180315950243
1690,9132.83,2.995270516026359
1691,9153.89,2.841044728102692
1692,9174.99,2.86126994817917
1693,9196.140000000001,2.848366178255829
1694,9217.34,2.7967164183326694
1695,9238.59,2.6712486684096914
1696,9259.880000000001,2.823285926486858
1697,9281.23,2.9161161965642424
1698,9302.63,2.8045274766418076
1699,9324.07,2.937075764719518
1700,9345.560000000001,2.9373270627974097
1701,9367.109999999999,2.8907923728755187
1702,9388.7,2.931241690953773
1703,9410.34,2.871555019032208
1704,9432.04,2.9726693591108604
1705,9453.78,2.9322277071896585
1706,9475.57,3.0148300652686375
1707,9497.42,3.0150744353478336
1708,9519.31,2.9198168134271754
1709,9541.25,2.8145692015066976
1710,9563.25,2.933955601586438
1711,9585.3,3.0026650116663594
1712,9607.39,2.9619854297464254
1713,9629.539999999999,2.9826948598267093
1714,9651.74,2.9490782999071743
1715,9673.99,2.9425047499878207
1716,9696.289999999999,2.983926210068648
1717,9718.64,2.9298416801496567
1718,9741.039999999999,2.889892160230847
1719,9763.5,2.903785652312254
1720,9786.01,2.877478154393843
1721,9808.57,2.9447266664756127
1722,9831.18,2.9181731885575637
1723,9853.84,2.938641720639696
1724,9876.55,2.91891426272201
1725,9899.33,2.919163818804577
1726,9922.15,2.939871382887289
1727,9945.02,2.9537699569701825
1728,9967.939999999999,2.9610815410532574
1729,9990.92,2.9545061371365495
1730,10000.0,2.962769846352265
1731,10013.95,2.975465750599444
1732,10083.37,2.9289446715735976
1733,10129.91,3.053698004361513
1734,10176.66,3.047375379261278
1735,10223.640000000001,3.1048828002835447
1736,10270.83,3.14874626341766
1737,10294.5,3.1565490100246643
1738,10510.060000000001,3.0362322368352173
1739,10705.47,2.873274422913571
1740,10904.49,2.8338503329146674
1741,11107.22,2.6265529868917654
1742,11287.7,2.6755551790181733
1743,11481.5362,2.727133141475424
1744,11497.550000000001,2.7313972186401947
1745,11711.32,2.687866571202564
1746,11901.61,2.491321878350869
1747,12094.990000000002,2.537689375887993
1748,12291.52,2.5319160869282813
1749,12491.24,2.434976026881298
1750,12694.21,2.3906392188613887
1751,12900.47,2.363381678278118
1752,13110.08,2.341805428245832
1753,13182.5674,2.3061405224907303
1754,13292.46,2.2520918710282913
1755,13508.45,2.185867747545878
1756,13696.37,2.1510646550656016
1757,13886.91,2.040341053100979
1758,14112.55,1.9088294194949251
1759,14308.88,1.8958101114561174
1760,14507.939999999999,1.9311273565118654
1761,14709.76,1.8486991717291417
1762,14914.400000000001,1.9092855912418927
1763,15087.08,1.9492948287392629
1764,15135.6125,1.964065552847155
1765,15296.970000000001,2.0132429156215235
1766,15509.77,1.999614554127083
1767,15689.37,1.9498711738432415
1768,15907.63,1.8625012425472989
1769,16091.84,1.854130447101383
1770,16315.699999999999,1.8586180852397973
1771,16504.61,1.854543964140574
1772,16695.73,1.8804860409788378
1773,16889.07,1.8936623257000076
1774,17084.63,1.893858818304083
1775,17282.45,1.8341435585727377
1776,17378.0083,1.8045965662999994
1777,17482.58,1.772354485151128
1778,17685.02,1.681589707648513
1779,17889.809999999998,1.5918993323039143
1780,18096.95,1.496706359117332
1781,18306.5,1.4565099004842903
1782,18518.49,1.4012600126025505
1783,18689.83,1.3236149767534198
1784,18906.25,1.2999993874078557
1785,19081.19,1.2973790952901543
1786,19302.15,1.2713580105392266
1787,19480.74,1.2288365558158911
1788,19706.32,1.1824311255202977
1789,19888.67,1.1455697142497887
1790,19952.6231,1.1428004056105954
1791,20118.95,1.1358739255394956
1792,20305.12,1.1083904152717254
1793,20493.01,1.1115869794646063
1794,20682.61,1.0996615828015066
1795,20922.109999999997,1.0880824161305553
1796,21115.71,1.083819146120133
1797,21311.079999999998,1.0698421271535203
1798,21508.280000000002,1.0584545711305076
1799,21707.28,1.0307483721011994
1800,21908.14,1.0198357419653863
1801,22110.86,0.995482280723068
1802,22315.44,0.9763478883742445
1803,22521.93,0.9648465415020745
1804,22678.03,0.9493662341228033
1805,22887.879999999997,0.861373753638882
1806,22908.6765,0.8611505236968314
1807,23099.64,0.8596291027489282
1808,23313.39,0.7654688286957566
1809,23475.01,0.7226801085765818
1810,23692.199999999997,0.7377657017105778
1811,23911.43,0.6892493439904522
1812,24077.17,0.6642722741070712
1813,24299.96,0.651836839406224
1814,24524.789999999997,0.604354753851255
1815,24654.64,0.47312002718082535
1816,24748.28,0.4693245281710523
1817,24841.829999999998,0.4660641622871963
1818,24935.47,0.46653226327742325
1819,25029.12,0.4778420272536594
1820,25122.670000000002,0.4796250613698034
1821,25216.31,0.46886136236003034
1822,25309.949999999997,0.4775645633502572
1823,25403.5,0.4695775974664012
1824,25497.14,0.4852243984566282
1825,25590.69,0.4960220325727722
1826,25684.34,0.4856966965490083
1827,25777.98,0.47498169753923525
1828,25871.53,0.49265003165537924
1829,25965.17,0.4814721326456061
1830,26058.82,0.48600879662184227
1831,26152.37,0.4738312307379863
1832,26246.010000000002,0.5003687317282133
1833,26302.679900000003,0.49077806088458364
1834,26339.56,0.48462545547486496
1835,26433.2,0.48502695067418405
1836,26526.839999999997,0.48077494587350317
1837,26620.39,0.4924558572777781
1838,26714.039999999997,0.48920253956543547
1839,26807.68,0.49459853476475457
1840,26901.23,0.4800882461690295
1841,26994.87,0.4940360413683486
1842,27088.420000000002,0.4774304527726236
1843,27182.059999999998,0.4626531479719426
1844,27275.710000000003,0.4689748302596001
1845,27369.26,0.46321114166387495
1846,27462.9,0.4628330368631941
1847,27556.55,0.4498340191508514
1848,27650.09,0.44265754346678815
1849,27743.739999999998,0.4419136257544455
1850,27837.28,0.4371004500703822
1851,27930.929999999997,0.4388660323580395
1852,28024.57,0.43456522755735866
1853,28118.120000000003,0.4303609389616336
1854,28211.76,0.4102479341609527
1855,28305.410000000003,0.4137678164486101
1856,28398.96,0.418992227852885
1857,28492.600000000002,0.41759082305220413
1858,28586.149999999998,0.408806034456479
1859,28679.79,0.40681982965579816
1860,28773.43,0.40982812485511727
1861,28866.98,0.40752423625939216
1862,28960.629999999997,0.40037261854704953
1863,29054.27,0.40394141374636866
1864,29147.820000000003,0.39286642515064363
1865,29241.46,0.4032326203499627
1866,29335.010000000002,0.3829481317542377
1867,29428.649999999998,0.3762840269535567
1868,29522.300000000003,0.3737860092412142
1869,29615.840000000004,0.3859056335571508
1870,29709.49,0.3817508158448082
1871,29803.13,0.3793748110441273
1872,29896.68,0.37000532244840223
1873,29990.329999999998,0.38407470473605954
1874,30083.87,0.3647649290519962
1875,30177.52,0.3584905113396536
1876,30199.5172,0.3607883061516831
1877,30271.16,0.36836066589174493
1878,30364.710000000003,0.3743100472331502
1879,30458.35,0.37010072374634295
1880,30552.0,0.36654909972306776
1881,30645.55,0.374228381064473
1882,30739.190000000002,0.3559366575776658
1883,30832.739999999998,0.361374438919071
1884,30926.38,0.3788733154322638
1885,31020.03,0.37247119140898854
1886,31113.57,0.38054037328686185
1887,31207.22,0.36963084926358664
1888,31300.86,0.38476642577677944
1889,31394.41,0.3804587071181847
1890,31488.05,0.3871886836313775
1891,31581.600000000002,0.37527936497278275
1892,31675.25,0.39940514094950746
1893,31768.89,0.3951227174627003
1894,31862.44,0.4209043988041055
1895,31956.08,0.41883907531729836
1896,32049.73,0.43424265129402306
1897,32143.27,0.4313480331718964
1898,32236.92,0.4615161091486211
1899,32330.46,0.4676116910264944
1900,32424.11,0.4753406670032192
1901,32517.75,0.481948843516412
1902,32611.3,0.5037592248578172
1903,32704.94,0.48780650137101
1904,32798.590000000004,0.5074004773477349
1905,32892.130000000005,0.4924702592256081
1906,32985.78,0.47834463520233284
1907,33079.329999999994,0.467263716543738
1908,33172.97,0.4610320930569309
1909,33266.61,0.4306072695701237
1910,33360.159999999996,0.43509475091152894
1911,33453.810000000005,0.41772892688825375
1912,33547.45,0.41712540340144644
1913,33641.0,0.4085051847428517
1914,33734.64,0.4116780612560445
1915,33828.19,0.4019615425974498
1916,33921.83,0.4246012191106426
1917,34015.48,0.4036293950873674
1918,34109.03,0.39654417642877254
1919,34202.67,0.39691525294196534
1920,34296.31,0.3930470294551581
1921,34389.86,0.3782140107965634
1922,34483.5,0.3984416873097562
1923,34577.049999999996,0.38377916865116146
1924,34670.700000000004,0.3885113446278863
1925,34673.685,0.38831968737021777
1926,34764.34,0.3824662940211403
1927,34857.89,0.39186600312637254
1928,34951.54,0.3871354707661909
1929,35045.18,0.38206394255255055
1930,35138.72,0.3692194558043242
1931,35232.37,0.3618503234441425
1932,35325.92,0.3734500325493747
1933,35419.56,0.3708954043357343
1934,35513.2,0.369804976122094
1935,35606.75,0.3696929852273263
1936,35700.4,0.37166495286714457
1937,35794.04,0.3824933246535043
1938,35887.590000000004,0.36362843375873655
1939,35981.23,0.36646780554509617
1940,36074.78,0.3635296146503284
1941,36168.42,0.3571838864366881
1942,36262.07,0.35392255407650636
1943,36355.62,0.3656246631817386
1944,36449.26,0.35617983496809824
1945,36542.91,0.36450100260791657
1946,36636.45,0.3655683158596902
1947,36730.09,0.36847588764604977
1948,36823.64,0.3647775967512821
1949,36917.29,0.36993156439110036
1950,37010.93,0.35580643617746
1951,37104.48,0.36176104528269226
1952,37198.12,0.348941817069052
1953,37291.77,0.35968238470887015
1954,37385.31,0.3564079979606438
1955,37478.96,0.3521891656004621
1956,37572.51,0.3627339747056944
1957,37666.15,0.36525424649205407
1958,37759.8,0.3490216141318724
1959,37853.340000000004,0.360026827383646
1960,37946.99,0.35542309502346425
1961,38040.630000000005,0.356364566809824
1962,38134.18,0.34821007591505615
1963,38227.82,0.3718440477014159
1964,38321.37,0.35679455680664807
1965,38415.01,0.34676982859300776
1966,38508.659999999996,0.349808996232826
1967,38602.2,0.3495801094845996
1968,38695.85,0.3483799771244179
1969,38789.49,0.35635284891077756
1970,38883.04,0.3480643580160099
1971,38976.68,0.3527067298023695
1972,39070.24,0.3561372347610603
1973,39163.88,0.34835890654742
1974,39257.520000000004,0.35258457833377976
1975,39351.07,0.35655598743901196
1976,39444.72,0.34868745507883026
1977,39538.36,0.35903582686518987
1978,39631.9,0.34701724011696355
1979,39725.549999999996,0.3645091077567818
1980,39810.7171,0.35932771537330993
1981,39819.1,0.35879931988331093
1982,39912.740000000005,0.361304190818443
1983,40006.380000000005,0.354314361753575
1984,40099.93,0.36082386752014484
1985,40193.57,0.3577565384552768
1986,40287.119999999995,0.36503104422184657
1987,40380.770000000004,0.3675480890645967
1988,40474.41,0.36718515999972867
1989,40567.96000000001,0.34613426576629847
1990,40661.6,0.3574782367014304
1991,40755.25,0.34178068154418045
1992,40848.79,0.3493062134031323
1993,40942.439999999995,0.34441655824588224
1994,41036.08,0.3467020291810143
1995,41129.63,0.33978943494758407
1996,41223.280000000006,0.3412002797903342
1997,41316.82,0.3347579116492859
1998,41410.47,0.33692405649203594
1999,41504.11,0.3364661274271679
2000,41597.66,0.34816273319373775
2001,41691.3,0.3501485041288698
2002,41784.850000000006,0.3429923098954396
2003,41878.5,0.3373351547381896
2004,41972.14,0.33460412567332154
2005,42065.69,0.3388526314398914
2006,42159.329999999994,0.33168500237502335
2007,42252.98,0.3276480472177734
2008,42346.52,0.3236712790767252
2009,42440.170000000006,0.3203969239194753
2010,42533.81,0.3203020948546072
2011,42627.36,0.323069300621177
2012,42721.0,0.32486997155630903
2013,42814.55,0.3242017773228789
2014,42908.19,0.33052194825801084
2015,43001.84,0.33871819310076084
2016,43095.38,0.33052892495971264
2017,43189.03,0.3315572698024627
2018,43282.58,0.3362053755690325
2019,43376.219999999994,0.32979294650416446
2020,43469.87,0.32863579134691456
2021,43563.409999999996,0.3240353232058663
2022,43657.05,0.32065869414099835
2023,43750.7,0.3297685389837483
2024,43844.25,0.3219593447503182
2025,43937.89,0.32370391568545015
2026,44031.54,0.3251147605282002
2027,44125.09,0.32821576629477
2028,44218.729999999996,0.31581713722990196
2029,44312.28,0.3095453429964718
2030,44405.92,0.3347499139316038
2031,44499.560000000005,0.33099558486673586
2032,44593.10999999999,0.3220778906333056
2033,44686.76,0.3204408354760557
2034,44780.31,0.31600114124262546
2035,44873.950000000004,0.3199410121777575
2036,44967.59,0.32401478311288945
2037,45061.14,0.3283801888794593
2038,45154.79,0.3230545337222093
2039,45248.43,0.3238635046573413
2040,45341.97,0.33068243651629314
2041,45435.619999999995,0.3047447713590431
2042,45529.26,0.32513265229417515
2043,45622.81,0.3225592580607449
2044,45708.818999999996,0.3225930324238352
2045,45716.450000000004,0.32257647004187506
2046,45810.00000000001,0.31949529856471887
2047,45903.65,0.31773510985455655
2048,45997.29,0.3201484728676948
2049,46090.840000000004,0.3254851013905386
2050,46184.479999999996,0.31731716440367685
2051,46278.13,0.3159078856935146
2052,46371.67,0.32120785593965895
2053,46465.32,0.3255703672294966
2054,46558.86,0.32278894747564096
2055,46652.509999999995,0.3221860587654787
2056,46746.15,0.32566172177861696
2057,46839.700000000004,0.3336978503014607
2058,46933.350000000006,0.32829526159129846
2059,47026.99,0.33842472460443673
2060,47120.54,0.3229617531272805
2061,47214.18,0.3253898161404188
2062,47307.73,0.32573904466326253
2063,47401.369999999995,0.3270755076764008
2064,47495.02,0.3160693089662385
2065,47588.57,0.3150590874890823
2066,47682.21,0.3214096705022206
2067,47775.759999999995,0.3203604590250643
2068,47870.369999999995,0.322759024878044
2069,48349.07,0.3267657904781007
2070,48832.560000000005,0.3308151206171678
2071,49320.89000000001,0.3349024166787422
2072,49814.090000000004,0.33903032349292217
2073,50312.24,0.3432016272733027
2074,50815.36,0.347414024573283
2075,51323.51,0.35166760505305905
2076,51618.2,0.3541354711075414
2077,51917.939999999995,0.37639421689521835
2078,52217.700000000004,0.3925669592362942
2079,52480.746,0.39991960528886455
2080,52517.45,0.4008324665953925
2081,52817.2,0.38626741717930096
2082,53116.950000000004,0.3815015677632094
2083,53416.71,0.3801564358133591
2084,53716.45,0.36156896893102625
2085,54016.21,0.354476336981176
2086,54315.96,0.3511211875650844
2087,54615.72,0.35270455561523417
2088,54915.469999999994,0.3608174061991426
2089,55215.23,0.3674173742492924
2090,55514.979999999996,0.36342382483320074
2091,55814.72,0.37166835795086783
2092,56114.47,0.3989897085347762
2093,56414.229999999996,0.41836847658492604
2094,56713.99,0.41979594463507575
2095,57013.73,0.42682717775274287
2096,57313.49,0.43129024580289266
2097,57613.24,0.418472196386801
2098,57912.990000000005,0.40959614697070945
2099,58212.74,0.4083094975546179
2100,58512.5,0.4093812656047676
2101,58812.25,0.41372741618867603
2102,59112.0,0.41714546677258446
2103,59411.759999999995,0.41761293482273426
2104,59711.5,0.4397034679404013
2105,60011.25,0.4776231185243097
2106,60255.9586,0.4907956904191486
2107,60311.009999999995,0.493660143285482
2108,60610.76,0.4995751564190989
2109,60910.51,0.5150407695527157
2110,61210.259999999995,0.5828791826863325
2111,61510.01,0.7114809958199494
2112,61809.770000000004,0.8732179084469152
2113,62109.52,0.9440041215805319
2114,62409.26,0.8979413352207999
2115,62709.03,0.7987160473411146
2116,63008.77,0.7105524609813825
2117,63308.520000000004,0.6460458741149994
2118,63608.28,0.5914555867419651
2119,63908.03,0.552116899875582
2120,64207.780000000006,0.5272993130091987
2121,64507.54,0.49977742563616445
2122,64807.28,0.4875753392764325
2123,65107.030000000006,0.4762942524100493
2124,65406.79,0.46960096503701504
2125,65706.54000000001,0.4696246781706318
2126,66006.3,0.4753520907975976
2127,66306.05,0.4748594039312145
2128,66605.8,0.47047571706483127
2129,66905.56,0.478415329691797
2130,67000.0,0.476564374264383
2131,67205.3,0.4724199190184396
2132,67505.06,0.4633453612106643
2133,67804.81,0.46490810978992547
2134,68104.56,0.4678474583691868
2135,68404.31,0.472882106948448
2136,68704.06,0.49067365552770925
2137,69003.81,0.5031465041069705
2138,69242.2916,0.5087510462120856
2139,69303.56999999999,0.5100984569231273
2140,69603.31,0.5453417267882701
2141,69903.08,0.5738116321144657
2142,70202.81999999999,0.5475603019796087
2143,70502.57,0.532297150331769
2144,70802.34,0.5232954556579648
2145,71102.08,0.5207258255231075
2146,71401.83,0.529168773875268
2147,71559.6261,0.5292268508199824
2148,71701.59,0.5290841230312936
2149,72001.34,0.5295380853102696
2150,72301.09,0.5438552475892457
2151,72600.84,0.5605112098682218
2152,72880.97,0.574653927343483
2153,72900.59,0.5660330721471978
2154,73200.34999999999,0.5903148991788771
2155,73481.66,0.6350301574731181
2156,73500.09,0.60918809670515
2157,73954.515,0.6902804519121681
2158,74082.36,0.7124847951988569
2159,74683.06,0.8249369192808562
2160,75283.76,0.9254751433628556
2161,75884.45,0.9995297503793632
2162,76429.5536,1.0076773492589646
2163,76485.16,1.008205154470805
2164,77085.86,0.9609640152858312
2165,77686.55,0.9297305135861109
2166,78287.26,0.8844382369158835
2167,78887.95,0.8175357352161631
2168,78987.42450000001,0.8006550368993546
2169,79488.65,0.7148893505700816
2170,80089.34999999999,0.634176185864584
2171,80690.04,0.5607967727766109
2172,81290.75,0.5027905564535884
2173,81630.8998,0.48357491570502487
2174,81891.45,0.4691659351110438
2175,82492.15,0.4477382466297285
2176,83092.84,0.44797009787021236
2177,83693.55,0.42836946966709755
2178,84294.23999999999,0.4209997209075816
2179,84362.84430000001,0.4212543701467048
2180,84894.94,0.4265038648203893
2181,85495.64,0.4377412886949902
2182,86096.33,0.42444449075297913
2183,86697.03,0.38892761462757997
2184,87186.21900000001,0.3319764086770074
2185,87297.73,0.31935469757405166
2186,87898.42,0.2690192901054657
2187,88499.13,0.23052939090212587
2188,89099.83,0.19767253756616301
2189,89700.53,0.17937798423020015
2190,90104.0836,0.16818916115512136
2191,90301.23,0.16297259456108673
2192,90901.93,0.15288132058890863
2193,91502.62,0.14395711983038076
2194,92103.31,0.1357321690718529
2195,92704.02,0.1319998318860245
2196,93119.6005,0.12758216068689887
2197,93304.72,0.126247629039683
2198,93905.41,0.12669491496053692
2199,94506.12,0.12672802287596108
2200,95106.81999999999,0.12271184979410013
2201,95707.52,0.12419702671223919
2202,96236.03790000001,0.12853270084102122
2203,96308.22,0.12925154818179413
2204,96908.87,0.1314402686127608
2205,97509.62,0.12172251455116628
2206,98110.28,0.12005684353287686
2207,98711.04000000001,0.12071813802202622
2208,99311.7,0.1186114870037368
2209,99456.7731,0.11902005476347643
2210,99912.44,0.12071058415222247
2211,100513.11,0.12288308397847353
2212,101113.76999999999,0.12433194631675568
2213,101714.52,0.12381733604675776
2214,102315.17,0.12584849089707106
2215,102785.297,0.12711217266724828
2216,102915.94,0.12743835174314877
2217,103516.59,0.13103329970104408
2218,104117.25,0.1366821532345318
2219,104718.0,0.1457543669483512
2220,105318.67,0.1556254960574313
2221,105919.41,0.16078973419565834
2222,106225.216,0.16092683601416086
2223,106520.06999999999,0.1612400238611933
2224,107120.83,0.16296009968505515
2225,107721.49,0.16528166836799146
2226,108322.15,0.1685899670509278
2227,108922.9,0.17822342116069706
2228,109523.56,0.19645460984363342
2229,109780.26,0.20704432517443275
2230,110124.31,0.2212270285820781
2231,110724.97,0.23958366137011597
2232,111325.72,0.30725077684211966
2233,111926.38,0.4173277096301575
2234,112527.03,0.46689461100886576
2235,113127.8,0.4218078892995285
2236,113454.28,0.38873293584930085
2237,113728.45,0.360939476395734
2238,114329.2,0.3141933388305213
2239,114929.86,0.2831713244619477
2240,115530.62000000001,0.26649031765266407
2241,116131.27,0.2527228725281614
2242,116731.93,0.2451218581595877
2243,117251.259,0.2441475268922622
2244,117332.69,0.24399701861470174
2245,117933.35,0.24409472828283552
2246,118534.1,0.2522328172601794
2247,119134.75,0.2634112958939564
2248,119735.42,0.26991913659644684
2249,120336.17,0.26902552557379067
2250,120936.83,0.26748603524192444
2251,121175.312,0.267174803420526
2252,121537.58,0.26650927961483095
2253,122138.25,0.27140143398469646
2254,122738.99,0.28388556835157513
2255,123339.66,0.29162102272144064
2256,123940.31,0.29417662566358815
2257,124541.07,0.30509171145818487
2258,125141.72,0.3175757144003323
2259,125230.691,0.3197482420615133
2260,125742.48000000001,0.33204157401809997
2261,126343.13,0.34340197817517704
2262,126943.79,0.35409720406544576
2263,127544.55,0.3974598472876312
2264,128145.20999999999,0.4368460731778999
2265,128745.96,0.3601359946668936
2266,129346.61,0.2834598988239707
2267,129421.79100000001,0.2813039254958313
2268,129947.37000000001,0.2658203019181293
2269,130548.03,0.2607666975758343
2270,131148.7,0.2604859071365071
2271,131749.44999999998,0.2591162279209214
2272,132350.09,0.2589742857726911
2273,132950.84,0.25909077655710544
2274,133551.52,0.25670986002074586
2275,133753.155,0.25665491957133324
2276,134152.27,0.25627668245590546
2277,134752.91999999998,0.25763444644952166
2278,135353.58000000002,0.2576059375939578
2279,135954.34,0.2564762202465922
2280,136555.0,0.2534338913910283
2281,137155.72999999998,0.24814283259120323
2282,137756.41,0.24448164803727895
2283,138229.477,0.24295125404794382
2284,138357.16,0.24247561286897246
2285,138957.81,0.24072985309436362
2286,139558.47,0.23957367556932158
2287,140159.23,0.23888289053994677
2288,140676.13,0.24160854064400855
2289,141563.13,0.24488522721259592
2290,142450.22,0.24815221402728382
2291,142855.609,0.24704305517978797
2292,143337.23,0.24537901672429474
2293,144224.23,0.23791421231314083
2294,145111.25,0.23036654802026402
2295,145998.36,0.2259642392596341
2296,146885.38,0.22071653496675725
2297,147636.563,0.22247886413691073
2298,147772.38,0.22280395479902812
2299,148659.47,0.2268152618711412
2300,149546.48,0.21898084466841664
2301,150433.48,0.21740796193133732
2302,151320.5,0.21508954026296745
2303,152207.59,0.21428165733508053
2304,152577.522,0.21446394985253908
2305,153094.63,0.21468639317481694
2306,153981.63,0.21478537977827192
2307,154868.72,0.22897643055646683
2308,155755.73,0.24151562206822627
2309,156642.73,0.22297621867168127
2310,157529.84,0.21201149926648502
2311,157683.84,0.21222792336674667
2312,158416.84,0.2133334250044799
2313,159303.84,0.21325805755928132
2314,160190.86000000002,0.21040276198742103
2315,161077.97999999998,0.21192806578225235
2316,161964.97,0.21952733240038455
2317,162851.98,0.2208748208918551
2318,162961.05099999998,0.22311485194361386
2319,163739.0,0.239023691506148
2320,164626.09,0.24447425794771727
2321,165513.11,0.24359509896779502
2322,166400.13,0.22998092998787278
2323,167287.22999999998,0.23099724148965511
2324,168174.23,0.2293360023893067
2325,168414.875,0.2291688788887956
2326,169061.25,0.22891494646639554
2327,169948.34,0.25149291170045207
2328,170835.34,0.25488188424631336
2329,171722.36000000002,0.23173849294510693
2330,172609.36000000002,0.23010848549096827
2331,173496.47,0.23152392687795703
2332,174051.222,0.22771600111671125
2333,174383.48,0.2254491455390878
2334,175270.48,0.21182758358560996
2335,176157.58,0.20784193655863112
2336,177044.59,0.20874858309780314
2337,177931.59,0.20576429114432526
2338,178818.69999999998,0.20452201260999636
2339,179705.69999999998,0.20084093065651848
2340,179876.201,0.20039327851061128
2341,180592.73,0.19840418338282167
2342,181479.73,0.19544721398824147
2343,182366.83,0.19674415446971605
2344,183253.84,0.1945668220627413
2345,184140.84,0.19981317266816115
2346,185027.94999999998,0.19386672013724116
2347,185896.125,0.1985770724085887
2348,185914.98,0.19868463959927743
2349,186801.95,0.22306084957143923
2350,187688.98,0.24609945823261908
2351,188576.09,0.206980895145823
2352,189463.09,0.21378584446249382
2353,190350.11000000002,0.19364674334217066
2354,191237.19999999998,0.19518178069236855
2355,192117.51799999998,0.19619262724007203
2356,192124.2,0.19619916420001238
2357,193011.22,0.19353413706605402
2358,193898.23,0.19625111185039662
2359,194785.34,0.19520382745172937
2360,195672.34,0.203032344154373
2361,196559.36000000002,0.1929582670204146
2362,197446.44999999998,0.19390152645834932
2363,198547.123,0.18963164276616407
2364,198851.13,0.18845756744384862
2365,200548.88999999998,0.19914457182178721
2366,202247.64,0.19541040345259675
2367,203947.38,0.19051878233627717
2368,205191.907,0.19409946520258942
2369,205647.95,0.19530699937114548
2370,207349.42,0.19421552289130256
2371,209051.84,0.19082859281659412
2372,210755.16,0.1924968093362236
2373,212059.073,0.19436563857924763
2374,212459.40999999997,0.1949512012968058
2375,214164.66,0.19199825994101277
2376,215870.75,0.18840179412579217
2377,217577.83,0.1916707176976748
2378,219156.062,0.19225060122661677
2379,219285.77000000002,0.19229972614107313
2380,220994.67,0.19045136367950682
2381,222704.55,0.18739176543105285
2382,224415.3,0.18905115133097405
2383,226127.02,0.19068338507448607
2384,226490.56699999998,0.19060311495007054
2385,227839.7,0.18995151178091582
2386,229553.27000000002,0.18674098652001905
2387,231267.88,0.18606122101998918
2388,232983.28000000003,0.1876662915883101
2389,234070.535,0.18836778132459178
2390,234699.7,0.18880256833635797
2391,236417.15999999997,0.18767838475860393
2392,238135.44,0.1871701460980335
2393,239854.68999999997,0.18660287544925352
2394,241574.94,0.1863541754311853
2395,241904.18300000002,0.1866700540259785
2396,243296.02000000002,0.18792817088821284
2397,245018.19,0.18529261688235615
2398,246741.23,0.1826954905547861
2399,248465.33000000002,0.1836572512835193
2400,250000.0,0.18488743491207915
2401,250190.28,0.18503734811145173
2402,251916.23,0.18429800136160684
2403,253643.13,0.18526593844969913
2404,255371.0,0.18269072640389572
2405,257099.83000000002,0.18613766171011295
2406,258829.66,0.19540446842468512
2407,260560.44,0.18759643897719447
2408,262292.16000000003,0.18110832985355738
2409,264024.88,0.17925114213827525
2410,265758.52999999997,0.1776686812327632
2411,267493.27999999997,0.17664098687644153
2412,269228.88,0.1758612712172215
2413,270965.47000000003,0.17550238345227281
2414,272703.09,0.17566422763792974
2415,274441.72,0.17349135674602517
2416,275422.87,0.17380597559959893
2417,276181.19,0.174074546092453
2418,277921.72000000003,0.17266043369629597
2419,279663.25,0.17329714621025477
2420,281405.84,0.1758408967289363
2421,283149.38,0.17502915291222787
2422,284893.81,0.17589797166552246
2423,286639.34,0.1714815938199444
2424,288385.81,0.17615723778987524
2425,290133.28,0.16959076666992184
2426,291881.78,0.16756751200738773
2427,293631.22000000003,0.17047495916036243
2428,295381.72,0.16835791431805994
2429,297133.19,0.16839646283856968
2430,298885.66000000003,0.16670943626919527
2431,300639.16,0.16811111615724014
2432,302393.75,0.1661572255973112
2433,304149.25,0.16421982530558765
2434,305905.78,0.1662750314712833
2435,307663.25,0.16860985945248788
2436,309421.88,0.17497862392942676
2437,311181.41000000003,0.16421413482546982
2438,312942.02999999997,0.16520944527353917
2439,314703.58999999997,0.17415897753711734
2440,316227.766,0.16556565892298247
2441,316466.27999999997,0.16424568101910392
2442,318229.97000000003,0.1607224371404773
2443,319994.56,0.15989094313309188
2444,321760.28,0.16259406140848692
2445,323527.02999999997,0.17249864309208018
2446,325294.83999999997,0.16644674284624625
2447,327063.66000000003,0.15965854623369402
2448,328833.5,0.1687623981418817
2449,330604.31,0.1668289141335182
2450,332376.22000000003,0.16834966774556043
2451,334149.28,0.19322267341529964
2452,335923.19000000006,0.1819171545189888
2453,337698.27999999997,0.1633336523427497
