,lambda (Angstroms),Total Flux (erg/s/cm^2/Angstrom)
0,102.08999999999999,16.0006105973165
1,103.97999999999999,15.955243379180732
2,104.712855,15.937652065060208
3,105.92,15.785444824198223
4,107.89,15.537050264875813
5,109.89,15.28487313813572
6,114.02000000000001,14.7641272423632
7,118.02,14.259772892254816
8,120.22644299999999,13.981566686643868
9,121.05,13.894507201406777
10,125.02,13.474830945003612
11,127.05,13.260235783293968
12,127.93,13.167209384815834
13,130.91,12.852187992113068
14,132.12,12.724277022229133
15,133.96,12.529767286536309
16,137.07999999999998,12.19994700517557
17,138.038426,12.098630133472616
18,139.95000000000002,11.954189850734533
19,142.88,11.73280322585495
20,146.88,11.43057233796327
21,151.0,11.119264765494137
22,154.87,10.82684838265386
23,158.489319,10.553374132862869
24,158.83999999999997,10.53334182341387
25,162.17,10.34311863567859
26,165.95,10.127191564498812
27,169.81,9.906694571541788
28,172.97,9.726184350810653
29,177.0,9.495977440529485
30,179.87,9.332034300358357
31,181.96,9.212647101910358
32,181.970086,9.21207095964921
33,186.19,9.028172498721357
34,190.97,8.819868330277481
35,194.07,8.684776361532707
36,198.14,8.507413664461664
37,201.82,8.34704913952077
38,205.1,8.204113773708238
39,208.929613,8.03722451943233
40,209.88,8.006087629407592
41,215.76000000000002,7.813461806575057
42,219.77,7.682092878047427
43,222.83,7.581844124212128
44,226.96999999999997,7.446218479605549
45,230.13,7.342834263671057
46,233.87,7.2205993411612495
47,239.86,7.024617088169602
48,239.88329199999998,7.023853921688888
49,246.01999999999998,6.8689073432359775
50,251.75,6.724346469295943
51,257.02,6.591098938953538
52,260.0,6.516081060534112
53,264.22,6.4096344586341205
54,269.13,6.285706215437687
55,274.14,6.159251475589595
56,275.42287,6.126867387330311
57,279.23,6.053115968405272
58,283.77,5.965194208235545
59,289.71,5.850078136233743
60,295.78000000000003,5.732513553033249
61,301.28,5.625906188550101
62,308.3,5.489962288820699
63,316.227766,5.336441937638361
64,317.66,5.315731164489444
65,328.07000000000005,5.165132242968768
66,338.04,5.02087122212524
67,348.31,4.87226914082002
68,357.25,4.742938330061631
69,363.078055,4.658641285217389
70,366.41,4.622557271758215
71,374.94,4.530128917374669
72,384.55999999999995,4.425809652605653
73,395.34,4.309085722508979
74,404.54999999999995,4.2093270448299105
75,413.97,4.107234771324284
76,416.86938299999997,4.075805137589038
77,421.66,4.036146111049388
78,430.48999999999995,3.963053322949667
79,440.52,3.880081863666518
80,450.78,3.795162602598213
81,460.22,3.7170056641552494
82,469.86,3.637218150681715
83,478.630092,3.5646571888940293
84,479.7,3.5578500019011963
85,489.73999999999995,3.4938911958198164
86,500.0,3.4286415765912333
87,505.78999999999996,3.391855049535338
88,511.64,3.3555173407120233
89,519.96,3.3025746329633088
90,529.62,3.2410868914089135
91,539.47,3.1782377890910243
92,549.5,3.1148255044708804
93,549.5408739999999,3.114567123719718
94,559.71,3.0656362756476967
95,570.12,3.015395091651513
96,579.38,2.970309918280267
97,590.16,2.9184554604917112
98,599.75,2.8718520235759177
99,609.49,2.824893966230784
100,619.39,2.777631192894355
101,629.46,2.7290009370046744
102,630.957344,2.7217563324240177
103,639.6899999999999,2.6882945271042886
104,650.0799999999999,2.648849881931411
105,657.61,2.620083380330663
106,665.22,2.5912535683782467
107,674.4799999999999,2.5558496076726795
108,685.4399999999999,2.5134804364941674
109,694.97,2.4784869571017194
110,704.64,2.440742828093854
111,716.09,2.398451364261375
112,724.43596,2.3667152616282476
113,726.0500000000001,2.3621790665094036
114,734.4599999999999,2.3386108313415135
115,744.6700000000001,2.31050960716028
116,755.03,2.2816463963946028
117,765.54,2.25207825904448
118,774.4,2.2281885441232543
119,785.1800000000001,2.1983177529211293
120,794.27,2.1732555999037544
121,805.32,2.1425218948496285
122,814.64,2.116642973736104
123,824.0799999999999,2.0913207653550234
124,831.763771,2.0674755705986865
125,835.5400000000001,2.058481758029192
126,845.21,2.0420925521224276
127,855.0000000000001,2.0219950842809356
128,864.9,2.002570874665944
129,874.92,1.9827815931162256
130,885.05,1.963121189793007
131,895.3,1.942739904535061
132,905.66,1.9211575775036152
133,914.04,1.915105982395168
134,924.63,2.093167311655495
135,935.33,2.347373839142322
136,943.99,2.7901650395195112
137,954.92,3.130560983298112
138,954.992586,3.1318777869365295
139,965.98,3.3317106008812445
140,974.92,2.0522564055927073
141,983.9399999999999,3.159452420189731
142,995.3299999999999,3.148926727646505
143,1004.54,3.6391669657217367
144,1013.83,3.5230980136825294
145,1025.57,2.4560468643886337
146,1035.06,3.0103429370633297
147,1044.64,4.034013920859282
148,1054.31,3.95277381577649
149,1064.06,3.5104155205792598
150,1073.91,3.80496023773898
151,1083.84,3.385404764784263
152,1093.87,3.8537653041864965
153,1096.4782,3.8129878112077766
154,1103.99,3.6983911265670706
155,1114.21,3.6105307921391963
156,1124.52,3.3633664596586312
157,1134.9199999999998,3.782524129125374
158,1145.43,3.566961578749938
159,1156.02,3.650740141216554
160,1164.04,3.689710203632254
161,1174.81,2.9951057699934864
162,1185.68,3.6051522274072836
163,1193.8999999999999,3.0756560719281127
164,1204.94,2.6246066441312705
165,1216.09,2.1126657964922497
166,1224.52,2.9214175122234654
167,1235.85,3.524504868479061
168,1244.42,3.6446218316838674
169,1255.93,3.53248719183408
170,1258.92541,3.4573028859730193
171,1264.6399999999999,3.3166750792665516
172,1276.34,3.6545233349894684
173,1285.19,3.6896190412414183
174,1294.1,3.2374185590611786
175,1306.07,3.2612834668392394
176,1315.12,3.6072122116505554
177,1324.2399999999998,3.4744615699576498
178,1336.49,3.2632529317188235
179,1345.76,3.508346318945442
180,1355.09,3.4421555177398706
181,1364.4800000000002,3.244028528102109
182,1373.9399999999998,3.2676901519601262
183,1383.46,3.276354587385952
184,1396.26,2.9092740551853824
185,1405.94,2.971911321458702
186,1415.69,3.093794201227799
187,1425.5,3.081852892564706
188,1435.3799999999999,3.103530197397392
189,1442.01,3.1595028756403782
190,1445.43977,3.1527383800335245
191,1448.6599999999999,3.147573385405141
192,1455.35,3.0925632529418983
193,1465.44,2.9563162250563786
194,1475.59,2.9569341107810545
195,1485.82,2.952776881319324
196,1496.12,2.9439900510694876
197,1506.49,2.8276366200315453
198,1513.45,2.6429635988141804
199,1516.9299999999998,2.7251685882054977
200,1523.94,2.719163994996628
201,1534.5,2.499528790390971
202,1545.14,2.523683470598907
203,1555.85,2.4595015500187376
204,1566.6299999999999,2.528112028650462
205,1573.86,2.6155461186789752
206,1584.77,2.6425839101327893
207,1595.76,2.6538195864001968
208,1606.82,2.6156876618794986
209,1614.23,2.605347492738597
210,1625.4199999999998,2.5476388810399886
211,1636.69,2.6231831541549733
212,1644.2499999999998,2.6167452690395594
213,1655.6399999999999,2.5377993693749343
214,1659.58691,2.583044106757281
215,1663.29,2.626438530150146
216,1670.96,2.515810639312635
217,1678.6799999999998,2.634142931716079
218,1686.4199999999998,2.646574297415905
219,1694.2099999999998,2.5582328463566855
220,1705.95,2.4988448713329072
221,1713.8300000000002,2.4127187501074068
222,1725.71,2.3907112881583026
223,1733.6699999999998,2.46658346011833
224,1745.69,2.4204855112439
225,1753.75,2.474382049685837
226,1765.8999999999999,2.38167457723789
227,1774.0500000000002,2.3693614455135457
228,1786.35,2.392347522788463
229,1794.6000000000001,2.4420727575460295
230,1807.04,2.4385543478956206
231,1815.38,2.303765912486906
232,1823.76,2.343422623670955
233,1836.3999999999999,2.291237946984366
234,1844.8700000000001,2.1729629880021335
235,1853.39,2.157665212260857
236,1866.24,2.1842573051862786
237,1874.8500000000001,2.27199285927872
238,1883.51,2.1363285966121177
239,1896.56,2.052864422501359
240,1905.31,2.150619489668475
241,1905.46072,2.149320887011827
242,1914.11,2.0761768358571686
243,1922.95,2.0334977161884895
244,1936.27,2.0929838164162264
245,1945.21,2.126277996298806
246,1954.19,2.0134866960018902
247,1967.74,2.1130102851975234
248,1976.82,2.1576762844518664
249,1985.9399999999998,2.071272803526713
250,1995.11,2.0342354723771896
251,2004.32,2.07329366104817
252,2013.5700000000002,2.042592369539654
253,2022.86,2.0957915978516413
254,2036.89,1.9965304248933191
255,2046.29,2.018408582711692
256,2055.73,1.9315362603505686
257,2065.2200000000003,1.9617920877650747
258,2074.7599999999998,2.0458590649552106
259,2079.54,1.9492201835054046
260,2084.33,1.9985159320107244
261,2093.95,1.9272459488418676
262,2103.62,1.9545371154486406
263,2113.33,1.956699801875917
264,2123.08,1.9685560081236977
265,2132.88,1.9196203641471072
266,2142.73,1.893514869946147
267,2152.62,1.9331278955656905
268,2162.55,1.9035114410057374
269,2172.54,1.88978376617654
270,2182.56,1.8577109812127204
271,2187.7616199999998,1.8729381018218065
272,2192.64,1.8879085336188544
273,2202.76,1.8632385073563968
274,2212.93,1.8268306983554894
275,2223.1400000000003,1.7912500631638204
276,2233.4,1.8207896452337013
277,2243.71,1.7969084445651309
278,2254.07,1.7589464611581096
279,2264.4700000000003,1.7732126515603277
280,2274.92,1.778884059224095
281,2285.42,1.7815076841494113
282,2295.97,1.7206715263362768
283,2306.57,1.7286325857846914
284,2317.2200000000003,1.691716862494655
285,2322.56,1.5188470660281017
286,2333.28,1.6407116469042342
287,2344.05,1.6241624450419156
288,2354.87,1.6445934604411465
289,2365.7400000000002,1.6069286931019262
290,2376.66,1.6061151430242555
291,2387.63,1.5668568102081335
292,2393.13,1.5931907089785373
293,2404.18,1.561683723780894
294,2415.2799999999997,1.5632479558447998
295,2426.42,1.5776223617179448
296,2437.62,1.5412130283049492
297,2443.2400000000002,1.5646724485030707
298,2454.52,1.5509854627085535
299,2465.85,1.5348906941755853
300,2477.23,1.5115481429041664
301,2482.94,1.5196049541730763
302,2494.4,1.430565350520136
303,2505.9199999999996,1.5124338075810546
304,2511.6899999999996,1.4528948795638237
305,2511.88643,1.4538810721165458
306,2517.4800000000005,1.482385608383375
307,2523.2900000000004,1.4571787357618953
308,2534.9300000000003,1.4520775847612029
309,2546.64,1.4329960136084445
310,2552.51,1.4573579237137653
311,2564.29,1.440456932408941
312,2576.12,1.4589279267097837
313,2582.06,1.4503814166630384
314,2593.98,1.4404885850540818
315,2605.9500000000003,1.4167077390507923
316,2617.9799999999996,1.4046977757743035
317,2624.0200000000004,1.4101420369388926
318,2636.1299999999997,1.4142034506314713
319,2642.21,1.4385411002805943
320,2654.4,1.4404177909422402
321,2666.6600000000003,1.3932087614518198
322,2672.8,1.4055474938277435
323,2685.14,1.4003271413063907
324,2697.53,1.3678713743907052
325,2703.7499999999995,1.3708980837356963
326,2716.23,1.3479190909102114
327,2722.4900000000002,1.3376854887397358
328,2735.0600000000004,1.3479098700044518
329,2747.6800000000003,1.2975121368748352
330,2754.02,1.2981205116734273
331,2766.73,1.3036096526340113
332,2773.1099999999997,1.317109715917137
333,2785.91,1.2969847309679219
334,2792.33,1.2281152827355812
335,2805.22,1.249004171876567
336,2818.1699999999996,1.2872988437443533
337,2824.66,1.2878864753599468
338,2837.7000000000003,1.2556561213179336
339,2844.2400000000002,1.2459429385391942
340,2857.3700000000003,1.232766058587382
341,2863.96,1.2535986614143098
342,2877.18,1.2484460555526986
343,2883.81,1.24280604686416
344,2884.0315,1.242753969705079
345,2897.1200000000003,1.2405236944325013
346,2910.4900000000002,1.2547795410766631
347,2930.67,1.230761114022002
348,2950.9800000000005,1.2092150620656013
349,2971.44,1.2037712736841164
350,2992.0400000000004,1.1904119046392194
351,3012.7799999999997,1.1790955549309108
352,3026.68,1.1728623462064416
353,3047.66,1.1616370582179982
354,3068.79,1.1542422338044704
355,3090.06,1.137423528727531
356,3111.48,1.1338155872255071
357,3133.05,1.1153104092983992
358,3147.51,1.1055490779202821
359,3169.3300000000004,1.0982486059513672
360,3191.29,1.0695814533190404
361,3213.41,1.069402008499957
362,3228.2499999999995,1.0494752581782936
363,3250.6200000000003,1.061403619317403
364,3273.16,1.0629086325080839
365,3288.26,1.051573532382941
366,3311.06,1.0356175957701426
367,3311.31121,1.0359177358759306
368,3318.69,1.0450685908719808
369,3326.3399999999997,1.047630781657689
370,3334.01,1.0519751684977392
371,3341.7000000000003,1.0182302513921309
372,3349.4,1.0518670323136936
373,3357.12,1.016355209289598
374,3364.86,0.982414382319844
375,3372.62,0.9798552514044317
376,3380.39,1.0068017185161906
377,3388.1800000000003,1.019355381682291
378,3395.99,1.011620840902733
379,3403.82,1.0073020961775168
380,3411.67,0.9881080475066424
381,3419.53,0.9920940968629387
382,3427.42,1.0027508403007477
383,3435.32,1.0051591817657275
384,3443.2400000000002,0.9664944192850492
385,3451.17,0.9915411548315416
386,3459.13,0.9709883844595466
387,3467.1000000000004,0.9652141121147224
388,3475.1,0.9674447338514109
389,3483.1099999999997,0.9584993536152704
390,3491.14,0.9703322694334713
391,3499.1899999999996,0.9470933813060141
392,3507.25,0.9571547912057277
393,3515.34,0.9327273951869539
394,3523.44,0.953618697195351
395,3531.5600000000004,0.9463189952580897
396,3539.7000000000003,0.9612209893751702
397,3547.86,0.9715753795465925
398,3556.04,0.9576352657723564
399,3564.2400000000002,0.955042348052462
400,3572.45,0.9227912283597386
401,3580.69,0.9081917027485278
402,3588.9500000000003,0.8765275731916585
403,3597.22,0.9122074416619603
404,3605.51,0.9187880061866036
405,3613.8199999999997,0.9012161667655889
406,3622.15,0.9046945233989157
407,3630.5,0.9664582760865843
408,3638.8700000000003,0.9224425248285946
409,3644.89,0.9320147371854527
410,3647.62,0.9272353986030976
411,3650.34,0.9086583619935716
412,3653.0699999999997,0.9435834234112166
413,3655.79,0.9625861868016906
414,3658.52,0.9270067482193356
415,3661.2400000000002,0.9207076116098096
416,3663.97,0.8853229730274547
417,3666.69,0.8294745364179288
418,3669.4100000000003,0.8149357998084028
419,3672.14,0.8720974612260477
420,3674.8599999999997,0.8013758246165218
421,3677.59,0.8991014860341667
422,3680.31,0.8917480494246408
423,3683.0400000000004,0.9587869108422857
424,3685.76,0.8390351742327599
425,3688.49,0.8908282356504047
426,3691.2099999999996,0.9603371990408789
427,3693.94,0.8744949604585238
428,3696.66,0.8830198238489979
429,3699.38,0.951377387239472
430,3702.11,0.9206311486571168
431,3704.83,0.9585454120475909
432,3707.56,0.8705296734652358
433,3710.28,0.71610113685571
434,3713.0099999999998,0.8333709982733548
435,3715.73,0.913843961663829
436,3718.46,1.021754823081474
437,3721.18,1.373670786471948
438,3723.9100000000003,2.354701947889593
439,3726.63,3.6396092112800673
440,3729.3599999999997,4.341583372697713
441,3732.08,3.785465636088186
442,3734.7999999999997,2.46655889947866
443,3737.53,1.406398060896305
444,3740.25,1.011587424286779
445,3742.98,0.9134021857044239
446,3745.7000000000003,0.9065353490948981
447,3748.43,0.924333110512543
448,3751.1499999999996,0.8884503739030171
449,3753.88,0.9462119353206621
450,3756.6,0.9649063987111361
451,3759.3300000000004,0.981081960128781
452,3762.05,0.9803948235192551
453,3764.77,0.9876712869097293
454,3767.4999999999995,0.8627082483273741
455,3770.2200000000003,0.9051475117178481
456,3772.95,0.9590813731354932
457,3775.67,1.0012126365259673
458,3778.4,1.0059699979436123
459,3781.12,1.0262865613340861
460,3783.8500000000004,0.9914368227517312
461,3786.57,1.0162785861422052
462,3789.2999999999997,1.00783354755985
463,3792.02,0.9416861109503243
464,3794.74,0.9393606743407983
465,3797.47,1.0130493357584434
466,3800.19,0.9314448991489174
467,3801.8939600000003,0.9046012010394663
468,3802.92,0.8884700533125738
469,3805.6400000000003,1.0047770492487103
470,3808.37,0.995867762816965
471,3811.0899999999997,0.9832977587531015
472,3813.82,1.0040209723213562
473,3816.54,0.9892776682574926
474,3819.27,0.9785681818257472
475,3821.9900000000002,0.9560072777618838
476,3824.72,0.9245050913301385
477,3827.4399999999996,0.988472887266275
478,3830.1600000000003,0.9124537832024114
479,3832.89,0.8629158967706662
480,3835.6099999999997,0.8631910927068026
481,3838.34,1.0143485062750572
482,3841.06,0.9158821022111937
483,3843.7900000000004,0.9349673157794484
484,3846.51,0.9558897117155849
485,3849.24,1.0053855252838395
486,3851.96,0.9928642212199761
487,3854.69,1.0624230347882306
488,3857.41,1.0234322307243673
489,3860.13,1.0211940266605037
490,3862.86,1.1388260402287584
491,3865.58,1.1039712361648948
492,3868.31,1.1582352497331494
493,3871.0299999999997,1.237709345669286
494,3873.7599999999998,1.1193854592375407
495,3876.48,1.069057655173677
496,3879.21,1.0618675687419317
497,3881.9300000000003,1.0305484646780683
498,3884.66,0.997845878246323
499,3887.3799999999997,1.1019560741824594
500,3890.11,1.1222084877507141
501,3892.83,1.0784495836868506
502,3895.5499999999997,1.0417456796229871
503,3898.28,0.9538494931912417
504,3901.0,0.9875849891273782
505,3903.7300000000005,0.9732424026956329
506,3906.4500000000003,0.9834927986317694
507,3909.18,1.012974212200024
508,3911.8999999999996,0.9998366081361606
509,3914.63,1.0137964217044153
510,3917.35,1.0734177176405517
511,3920.0800000000004,1.0761211312088064
512,3922.8,1.007855027144943
513,3925.52,1.0131747230810793
514,3928.25,0.951634636649334
515,3930.97,0.9546186325854704
516,3933.7,0.8861044461537252
517,3936.42,0.8708580420898617
518,3939.15,0.9224302556581163
519,3941.87,0.9327613515942528
520,3944.6,1.0408730651625075
521,3947.32,1.014954961098644
522,3950.0499999999997,1.0316555746668987
523,3952.77,1.0153716706030351
524,3955.5,1.0676406841712898
525,3958.2200000000003,0.9756459801074262
526,3960.94,1.0017423760435626
527,3963.67,0.9261240896118174
528,3966.3900000000003,0.9994828855479538
529,3969.12,1.0045707991162085
530,3971.8399999999997,1.133950595052345
531,3974.57,0.9862545086205997
532,3977.29,1.027223704556736
533,3980.0200000000004,0.9210325181249908
534,3982.7400000000002,1.0510608140611273
535,3985.47,1.023580727629382
536,3988.1899999999996,1.0869973235655186
537,3990.91,1.084126619501655
538,3993.64,1.0880302330699096
539,3996.36,1.1783384290060461
540,3999.09,1.0847164425743008
541,4001.81,1.1253778385104374
542,4004.54,1.095821452078692
543,4007.26,1.1573568480148284
544,4009.99,1.1040395615830831
545,4012.71,1.1490961575192196
546,4015.44,1.0915781710874741
547,4018.16,1.1277954670236108
548,4020.89,1.1193563805918654
549,4023.61,1.137683976528002
550,4026.3300000000004,1.1470101724641384
551,4029.06,1.098461186032393
552,4031.7799999999997,1.1202597819685296
553,4034.51,1.1264503955367842
554,4037.23,1.0661963914729207
555,4039.96,1.1118805050411753
556,4042.6800000000003,1.0934395009773117
557,4045.41,1.0544275145455664
558,4048.1299999999997,1.087011610481703
559,4050.86,1.0359164240499577
560,4053.58,1.0907207199860942
561,4056.2999999999997,1.0222760159222306
562,4059.03,1.0718042294904853
563,4061.75,1.0882180254266218
564,4064.4799999999996,1.0262073389948765
565,4067.2000000000003,1.075772834931013
566,4069.93,1.1107685484992675
567,4072.65,1.1006641444354042
568,4075.38,1.0908303580036587
569,4078.1,1.0048689539397953
570,4080.83,1.0355181675080498
571,4083.55,1.0362804634441862
572,4086.27,1.0274084593803228
573,4089.0,1.0148499729485776
574,4091.72,0.976150868884714
575,4094.45,0.9782869824529687
576,4097.17,1.027009178389105
577,4099.900000000001,1.1401323919573598
578,4102.62,1.2218284878934964
579,4105.349999999999,1.213128901461751
580,4108.07,1.1045264973978874
581,4110.8,1.018657610966142
582,4113.5199999999995,1.0013354069022786
583,4116.25,1.0174360204705333
584,4118.97,1.0216528164066698
585,4121.6900000000005,1.0272970123428062
586,4124.42,0.9928265259110609
587,4127.14,1.0431380218471973
588,4129.87,1.020864335415452
589,4132.59,1.0179447313515886
590,4135.32,1.0158152449198432
591,4138.04,1.0126846408559798
592,4140.7699999999995,1.0130204544242345
593,4143.49,1.023140950360371
594,4146.22,1.0387063639286254
595,4148.94,1.047075459864762
596,4151.66,1.0620292558008986
597,4154.39,1.0128155693691532
598,4157.11,1.0606781653052897
599,4159.84,1.0259319788735444
600,4162.56,1.0347386748096807
601,4165.29,1.0556887883779356
602,4168.01,1.0527855843140719
603,4170.74,1.0513856978823266
604,4173.46,1.0505584938184631
605,4176.1900000000005,1.0285281073867178
606,4178.91,1.0575925033228544
607,4181.639999999999,1.080196916891109
608,4184.36,1.0313288128272453
609,4187.08,1.0068701087633818
610,4189.8099999999995,1.0363192223316366
611,4192.53,1.082949118267773
612,4195.26,1.0893345318360277
613,4197.9800000000005,1.0794893277721642
614,4200.71,1.039439541340419
615,4203.43,1.0723964372765553
616,4206.16,1.0636656508448101
617,4208.88,1.0574861467809464
618,4211.61,0.9992061603492012
619,4214.33,1.0419269562853377
620,4217.05,1.0233884522214742
621,4219.78,1.0246811657897288
622,4222.5,1.0219236617258654
623,4225.23,1.02668717529412
624,4227.95,1.0175394712302563
625,4230.68,1.015328784798511
626,4233.4,1.0138039807346477
627,4236.13,1.0305534943029022
628,4238.85,0.9926654902390387
629,4241.58,0.9962938038072934
630,4244.3,1.0008349997434298
631,4247.03,1.0351174133116845
632,4249.75,1.017470809247821
633,4252.47,0.9952179051839576
634,4255.2,1.0207906187522122
635,4257.92,0.9852057146883487
636,4260.650000000001,0.9880555282566033
637,4263.37,1.0082642241927398
638,4266.099999999999,0.9776864377609946
639,4268.82,0.9863472336971311
640,4271.55,0.9964470472653856
641,4274.27,0.9746644432015221
642,4277.0,0.9945604567697769
643,4279.72,1.0059136527059134
644,4282.4400000000005,0.9962468486420498
645,4285.17,1.0189001622103044
646,4287.889999999999,0.990775958146441
647,4290.62,0.9666695717146956
648,4293.34,0.9587058676508321
649,4296.070000000001,0.9342265812190867
650,4298.79,0.9359128771552232
651,4301.5199999999995,0.922787090723478
652,4304.24,0.9073297866596145
653,4306.97,0.9138129002278691
654,4309.69,0.9058489961640056
655,4312.42,0.9282267097322603
656,4315.14,0.9869232056683966
657,4317.86,0.9804841016045333
658,4320.59,0.9862858151727878
659,4323.31,0.9480245111089243
660,4326.04,0.940364524677179
661,4328.76,0.9269996206133155
662,4331.49,0.9560919341815702
663,4334.21,1.0126964301177066
664,4336.9400000000005,1.1404655436859612
665,4339.66,1.4463902396220978
666,4342.389999999999,1.5911886531903525
667,4345.11,1.489170849126489
668,4347.83,1.2632550450626254
669,4350.56,1.03460955863088
670,4353.28,0.9681759545670167
671,4356.01,0.9479622681352712
672,4358.7300000000005,0.9983060640714078
673,4361.46,1.0051942776396623
674,4364.179999999999,1.048580173575799
675,4365.15832,1.0377560172893867
676,4366.91,1.0184158723992651
677,4369.63,1.0018702336385255
678,4372.360000000001,1.0077511436323414
679,4375.08,0.9557991048716017
680,4377.8,1.0294317661108618
681,4380.530000000001,0.9589531761046781
682,4383.25,0.9358547373439382
683,4385.98,0.9631126473377545
684,4388.7,0.9710251085770147
685,4391.43,0.9917629185708309
686,4394.15,0.9572139798100912
687,4396.88,0.9961819898039073
688,4399.6,0.9712022510431674
689,4402.33,1.0123273610369838
690,4405.05,0.9769189222762438
691,4407.78,0.9734901322700601
692,4410.5,0.9990328935093202
693,4413.22,1.0090376547485804
694,4415.95,1.0111558647423966
695,4418.67,1.0079261259816568
696,4421.4,0.980817535975473
697,4424.12,0.9724135972147332
698,4426.85,1.0236757072085494
699,4429.57,1.0160343684478097
700,4432.3,0.9955268784416258
701,4435.02,0.980181239680886
702,4437.75,0.9997188496747023
703,4440.47,1.0375880109139624
704,4443.1900000000005,0.9991302721532225
705,4445.92,0.9667829821470386
706,4448.639999999999,0.9786042433862989
707,4451.37,1.030158353380115
708,4454.09,1.0334811146193752
709,4456.820000000001,0.9660355246131914
710,4459.54,0.9512575858524517
711,4462.2699999999995,0.978466695846268
712,4464.99,0.9601366570855281
713,4467.72,1.0079927670793443
714,4470.44,1.0128401283186044
715,4473.17,1.0569332383124206
716,4475.89,1.0311912995516808
717,4478.61,1.034935860790941
718,4481.34,1.0055726707847572
719,4484.06,0.9896593320240172
720,4486.79,0.9848034420178335
721,4489.51,1.0381621032570938
722,4492.24,1.01124781325091
723,4494.96,0.9998111744901701
724,4497.69,0.9956526844839864
725,4500.41,1.0108313457232465
726,4503.14,1.0223241557170628
727,4505.86,1.053332916956323
728,4508.58,1.039511878195583
729,4511.31,1.0055749881893992
730,4514.03,1.0337778494286596
731,4516.76,0.9861196594224757
732,4519.4800000000005,1.0022714206617358
733,4522.21,1.007601030655552
734,4524.929999999999,1.0137456918948122
735,4527.66,0.9468354018886285
736,4530.38,0.9864078631278886
737,4533.110000000001,0.9715447731217048
738,4535.83,1.0159177343609649
739,4538.5599999999995,0.9779099443547813
740,4541.28,1.0283167055940414
741,4544.0,0.9982277668333015
742,4546.73,1.0001190768271178
743,4549.45,0.980783338066378
744,4552.18,0.9615249480601941
745,4554.9,0.9523588092994544
746,4557.63,0.9575750192932705
747,4560.35,0.9824364805325307
748,4563.08,1.023772490526347
749,4565.8,1.048326051765607
750,4568.53,1.0456108617594233
751,4571.25,1.0128298229986834
752,4573.97,1.0149520842379436
753,4576.7,1.03445709423176
754,4579.42,1.02258265547102
755,4582.15,1.0049946654648363
756,4584.87,1.0187784267040965
757,4587.6,0.9806733366979127
758,4590.32,0.9848555979371729
759,4593.05,0.992180207930989
760,4595.77,0.9888366691702491
761,4598.5,0.9921226791640655
762,4601.219999999999,0.9804425404033257
763,4603.95,1.010052050397142
764,4606.67,0.987521611636402
765,4609.39,0.9925795728756621
766,4612.12,1.0330721828694782
767,4614.84,1.0097793441087386
768,4617.57,1.0111514541025548
769,4620.29,1.0276926153418149
770,4623.0199999999995,1.0007786253356312
771,4625.74,1.0029494865748911
772,4628.47,1.0063167965687074
773,4631.19,0.9882139578079677
774,4633.92,0.9825308678017839
775,4636.64,1.0325805290410441
776,4639.360000000001,0.9662258902803043
777,4642.09,1.0083244002741205
778,4644.8099999999995,0.9513603615133807
779,4647.54,0.9911394715071968
780,4650.26,0.980351432746457
781,4652.99,0.9772471427402731
782,4655.71,0.9823700039795334
783,4658.44,1.0348810139733495
784,4661.16,1.0111988752126098
785,4663.89,1.0067644852064261
786,4666.61,0.9935437464456862
787,4669.34,0.9793942564395024
788,4672.06,0.9653947176787625
789,4674.78,1.0076269789180228
790,4677.509999999999,1.004798388911839
791,4680.2300000000005,0.990717750151099
792,4682.96,0.9662530601449153
793,4685.68,1.0014299213841755
794,4688.41,1.0119009313779919
795,4691.13,1.0177051926172518
796,4693.860000000001,1.023326702611068
797,4696.58,1.0291632638503283
798,4699.3099999999995,1.0224419738441446
799,4702.03,1.0113622350834046
800,4704.75,0.9683465963226647
801,4707.48,0.999626806316481
802,4710.2,0.9977916675557412
803,4712.93,0.9867400775495574
804,4715.650000000001,1.0184623387888174
805,4718.38,0.9601969487826338
806,4721.099999999999,1.005932410021894
807,4723.83,0.9900636200157102
808,4726.55,0.9803461812549703
809,4729.28,0.9659858912487866
810,4732.0,0.9648156524880468
811,4734.72,0.9544166137273069
812,4737.45,0.9881136237211231
813,4740.17,0.9952315849603833
814,4742.9,1.0124335949541996
815,4745.62,0.9947847561934596
816,4748.35,0.9962704661872759
817,4751.07,1.017709927426536
818,4753.8,1.0173953374203524
819,4756.52,0.9919289986596125
820,4759.25,0.9606035086534288
821,4761.97,0.9998349698926887
822,4764.7,1.0020505798865051
823,4767.42,0.9645659411257653
824,4770.14,0.9369261023650253
825,4772.87,0.9839551123588417
826,4775.59,0.9574184735981017
827,4778.32,0.9849034835919179
828,4781.04,0.9710173448311781
829,4783.7699999999995,0.9842782548249944
830,4786.49,0.9476206160642546
831,4789.22,0.9199770260580707
832,4791.9400000000005,0.9396483872973309
833,4794.67,0.9647979972911471
834,4797.39,0.9456892585304073
835,4800.110000000001,0.9244073197696674
836,4802.84,0.9576828297634837
837,4805.5599999999995,0.9611024910027439
838,4808.29,0.9543328009965601
839,4811.01,0.9637537622358202
840,4813.740000000001,0.9627092722296365
841,4816.46,0.9477041334688966
842,4819.19,0.9735997434627129
843,4821.91,0.927745804701973
844,4824.64,0.9351193146957893
845,4827.36,0.9451565759350494
846,4830.09,0.9344943859288657
847,4832.81,0.9226031471681257
848,4835.53,0.914734408407386
849,4838.26,0.9265520184012022
850,4840.98,0.9155528796404624
851,4843.71,0.8912666896342786
852,4846.43,0.9237995508735387
853,4849.16,0.917516560867355
854,4851.88,0.9235314221066152
855,4854.61,1.0217965321004314
856,4857.33,1.3165115933396914
857,4860.0599999999995,1.9370791033335077
858,4862.78,2.4986001645727676
859,4865.5,2.4908312258120278
860,4868.2300000000005,1.8965697358058442
861,4870.95,1.2268807970451046
862,4873.68,0.9740674070389207
863,4876.400000000001,0.8962132682781809
864,4879.13,0.874165378271997
865,4881.849999999999,0.9020109395112573
866,4884.58,0.9121254495050735
867,4887.3,0.9319914107443337
868,4890.030000000001,0.9042992207381498
869,4892.75,0.8975980819774101
870,4895.48,0.8972674919712262
871,4898.2,0.9231018532104864
872,4900.92,0.9362045144497466
873,4903.65,0.9370741244435628
874,4906.37,0.9501441856828229
875,4909.1,0.9331727956766391
876,4911.82,0.9365925569158993
877,4914.55,0.9093382669097155
878,4917.27,0.9476127281489757
879,4920.0,0.931582038142792
880,4922.72,0.8900746993820521
881,4925.45,0.9216634093758683
882,4928.17,0.8902444706151285
883,4930.89,0.8995678318543886
884,4933.62,0.9157158418482049
885,4936.34,0.885318803087465
886,4939.07,0.9028942130812813
887,4941.79,0.9290042743205414
888,4944.52,0.9264840843143576
889,4947.24,0.9527564455536178
890,4949.97,0.969131455547434
891,4952.6900000000005,1.0053951167866941
892,4955.42,1.2162694267805103
893,4958.139999999999,1.5982914880197707
894,4960.87,1.909787998013587
895,4963.59,1.837628059252847
896,4966.3099999999995,1.5029941204921071
897,4969.04,1.1253899304859234
898,4971.76,0.9921153917251836
899,4974.49,0.9476200017189997
900,4977.21,0.9257217629582599
901,4979.94,0.9359821729520761
902,4982.66,0.9295081341913363
903,4985.39,0.9194623441851525
904,4988.11,0.9078308054244126
905,4990.84,0.9415116154182289
906,4993.56,0.9290527766574891
907,4996.28,0.9266012378967493
908,4999.01,1.1108926478905654
909,5001.73,1.4668516091298256
910,5004.459999999999,2.149376119123642
911,5007.18,3.379936180362902
912,5009.91,3.9691796903567185
913,5011.87234,3.493538097927433
914,5012.63,3.309904994695955
915,5015.36,2.099199619019333
916,5018.08,1.2990736329972044
917,5020.81,1.0156335573205824
918,5023.530000000001,0.9315305712984536
919,5026.25,0.8872611852763249
920,5028.98,0.8570020095997032
921,5031.7,0.8699535235775744
922,5034.429999999999,0.8879948479009525
923,5037.150000000001,0.8821162618788236
924,5039.88,0.8953564862022019
925,5042.6,0.8888940001800731
926,5045.33,0.8898403245034513
927,5048.049999999999,0.8968883384813225
928,5050.780000000001,0.9153674628047006
929,5053.5,0.903844476782572
930,5056.2300000000005,0.91277060110595
931,5058.95,0.9169964150838212
932,5061.67,0.9099338290616925
933,5064.4,0.8891789533850708
934,5067.120000000001,0.8947347673629419
935,5069.85,0.88285169168632
936,5072.57,0.8711830056641914
937,5075.3,0.8902459299875696
938,5078.0199999999995,0.8642879439654408
939,5080.750000000001,0.8518211682888188
940,5083.47,0.86425378226669
941,5086.2,0.8735205065900682
942,5088.92,0.9093898205679396
943,5091.639999999999,0.9105663345458108
944,5094.37,0.9026083588691889
945,5097.089999999999,0.8916856728470602
946,5099.820000000001,0.8621075971704384
947,5102.54,0.8615326111483096
948,5105.2699999999995,0.8679122354716877
949,5107.99,0.847630949449559
950,5110.719999999999,0.8726464737729371
951,5113.4400000000005,0.9070722877508084
952,5116.17,0.8982547120741864
953,5118.89,0.8607001260520578
954,5121.62,0.869512750375436
955,5124.339999999999,0.8599685643533072
956,5127.06,0.8595231783311783
957,5129.79,0.8685142026545565
958,5132.51,0.8525473166324279
959,5135.24,0.856915840955806
960,5137.96,0.8675319549336772
961,5140.69,0.8658670792570554
962,5143.410000000001,0.8590475932349266
963,5146.14,0.8524683175583048
964,5148.86,0.874973031536176
965,5151.59,0.8664961558595541
966,5154.3099999999995,0.8501397698374255
967,5157.030000000001,0.8563281838152965
968,5159.76,0.8690496081386748
969,5162.4800000000005,0.837155422116546
970,5165.21,0.8104968464399241
971,5167.929999999999,0.8018283604177955
972,5170.66,0.7745049847411736
973,5173.379999999999,0.8000587987190448
974,5176.110000000001,0.8290156230424228
975,5178.83,0.8276132370202942
976,5181.5599999999995,0.8344959613436724
977,5184.28,0.8074350753215437
978,5187.009999999999,0.8007261996449218
979,5189.7300000000005,0.829215513622793
980,5192.45,0.8328573276006643
981,5195.18,0.8460491519240424
982,5197.9,0.8802803659019137
983,5200.63,0.9210931902252918
984,5203.35,0.9109165042031631
985,5206.08,0.8696931285265412
986,5208.8,0.8454220425044124
987,5211.53,0.8288842668277906
988,5214.25,0.8359320808056618
989,5216.98,0.87500960512904
990,5219.700000000001,0.8949840191069112
991,5222.42,0.8788062330847825
992,5225.15,0.8359772574081606
993,5227.87,0.8222158713860319
994,5230.599999999999,0.8404032957094101
995,5233.320000000001,0.8583829096872813
996,5236.05,0.8691581340106594
997,5238.77,0.8528828479885306
998,5241.5,0.8500501723119088
999,5244.22,0.86511028628978
1000,5246.95,0.8678245106131582
1001,5249.669999999999,0.8506411245910295
1002,5252.400000000001,0.8486681489144076
1003,5255.12,0.8635497628922788
1004,5257.84,0.8845623768701502
1005,5260.57,0.8782912011935282
1006,5263.290000000001,0.8562096151713994
1007,5266.02,0.8534581394947777
1008,5268.74,0.8185795534726489
1009,5271.47,0.807621177796027
1010,5274.19,0.8456312917738983
1011,5276.92,0.8563578160972765
1012,5279.64,0.8476406300751477
1013,5282.37,0.8538906543985259
1014,5285.09,0.867150568376397
1015,5287.8099999999995,0.8871736823542683
1016,5290.54,0.8908773066776464
1017,5293.259999999999,0.8724938206555177
1018,5295.990000000001,0.9008665449788958
1019,5298.71,0.9014917589567671
1020,5301.44,0.8768118832801453
1021,5304.16,0.8714520972580165
1022,5306.889999999999,0.8673219215813947
1023,5309.610000000001,0.8946924355592659
1024,5312.34,0.8848530598826441
1025,5315.06,0.8718541738605153
1026,5317.78,0.8512646878383866
1027,5320.51,0.8729878121617647
1028,5323.23,0.8652600261396359
1029,5325.96,0.8685419504630141
1030,5328.68,0.8438489644408853
1031,5331.41,0.8438546887642635
1032,5334.13,0.8333373027421347
1033,5336.86,0.8554173270655129
1034,5339.580000000001,0.8621082410433841
1035,5342.31,0.8694125653667623
1036,5345.03,0.8526670793446336
1037,5347.76,0.8419844036680116
1038,5350.48,0.844961217645883
1039,5353.2,0.8402501316237542
1040,5355.93,0.8481059559471323
1041,5358.650000000001,0.8885976699250036
1042,5361.38,0.9056009942483817
1043,5364.1,0.8707386082262529
1044,5366.83,0.8440639325496311
1045,5369.549999999999,0.8424995465275025
1046,5372.280000000001,0.8318492708508805
1047,5375.0,0.8470390848287517
1048,5377.73,0.8652426091521299
1049,5380.45,0.8328618231300011
1050,5383.17,0.8430399371078724
1051,5385.900000000001,0.8657038614312506
1052,5388.62,0.8657611754091219
1053,5391.35,0.8334260997324999
1054,5394.07,0.8224383137103712
1055,5396.8,0.8386144380337494
1056,5399.5199999999995,0.8397747520116206
1057,5402.25,0.8102292763349987
1058,5404.97,0.8128167903128699
1059,5407.7,0.8031722146362481
1060,5410.42,0.8085494286141194
1061,5413.15,0.8269639529374975
1062,5415.870000000001,0.8667904669153688
1063,5418.59,0.8589655808932402
1064,5421.32,0.8544461052166181
1065,5424.04,0.8656460191944895
1066,5426.7699999999995,0.8504220435178675
1067,5429.49,0.8643953574957388
1068,5432.22,0.8384829818191171
1069,5434.9400000000005,0.8172446957969883
1070,5437.67,0.8426496201203664
1071,5440.39,0.8574015340982376
1072,5443.12,0.8644624584216158
1073,5445.839999999999,0.8536045723994871
1074,5448.56,0.8444656863773582
1075,5451.29,0.8278793107007365
1076,5454.01,0.8219518246786076
1077,5456.74,0.8432532490019857
1078,5459.46,0.845532662979857
1079,5462.1900000000005,0.8021361873032351
1080,5464.91,0.8234567012811065
1081,5467.64,0.8585930256044845
1082,5470.36,0.8379873395823559
1083,5473.09,0.849168063905734
1084,5475.8099999999995,0.8251237778836052
1085,5478.54,0.8043854022069834
1086,5481.26,0.8185210161848546
1087,5483.9800000000005,0.8519410301627258
1088,5486.71,0.8420855544861041
1089,5489.429999999999,0.8482575684639754
1090,5492.160000000001,0.8436569927873534
1091,5494.88,0.8234082067652246
1092,5497.610000000001,0.8469965310886027
1093,5500.33,0.8207464450664741
1094,5503.0599999999995,0.8315379693898522
1095,5505.78,0.8111106833677235
1096,5508.51,0.8236700076911017
1097,5511.2300000000005,0.8094545216689728
1098,5513.95,0.8367599356468441
1099,5516.68,0.8176758599702223
1100,5519.4,0.8306598739480935
1101,5522.129999999999,0.8469009982714717
1102,5524.85,0.8479477122493428
1103,5527.58,0.8798563365727211
1104,5530.3,0.8538659505505923
1105,5533.03,0.8142809748739704
1106,5535.75,0.8279622888518418
1107,5538.4800000000005,0.8768686131752199
1108,5541.2,0.8324694271530911
1109,5543.93,0.8200027514764692
1110,5546.65,0.8075227654543405
1111,5549.37,0.8426782794322117
1112,5552.099999999999,0.8073426037555899
1113,5554.820000000001,0.819629317733461
1114,5557.55,0.8327562420568393
1115,5560.27,0.8400959560347105
1116,5563.0,0.8350414803580887
1117,5565.719999999999,0.83723959433596
1118,5568.450000000001,0.845841618659338
1119,5571.17,0.8037130326372093
1120,5573.900000000001,0.7766331569605873
1121,5576.62,0.8387770709384588
1122,5579.34,0.80526088491633
1123,5582.07,0.8190205092397081
1124,5584.789999999999,0.8443797232175794
1125,5587.52,0.8126446475409576
1126,5590.24,0.8008457615188288
1127,5592.97,0.8288133858422069
1128,5595.69,0.7852088998200781
1129,5598.419999999999,0.8332395241434563
1130,5601.14,0.8195592381213276
1131,5603.87,0.7909707624447057
1132,5606.59,0.840918076422577
1133,5609.3099999999995,0.8303681904004482
1134,5612.04,0.8281357147238263
1135,5614.759999999999,0.8176993287016976
1136,5617.490000000001,0.8320589530250757
1137,5620.21,0.803376167002947
1138,5622.94,0.8113130913263251
1139,5625.66,0.7934482053041964
1140,5628.389999999999,0.7909077296275745
1141,5631.110000000001,0.8037132436054457
1142,5633.84,0.8137749679288239
1143,5636.56,0.8101504819066951
1144,5639.29,0.8188173062300733
1145,5642.009999999999,0.8309417202079445
1146,5644.7300000000005,0.8333021341858158
1147,5647.46,0.8093686585091939
1148,5650.18,0.8277047724870652
1149,5652.91,0.8182062968104433
1150,5655.63,0.8288871107883146
1151,5658.36,0.8316177351116927
1152,5661.079999999999,0.805562249089564
1153,5663.81,0.7806231734129421
1154,5666.53,0.7796586873908133
1155,5669.26,0.7929643117141916
1156,5671.98,0.8058346256920628
1157,5674.700000000001,0.807092039669934
1158,5677.43,0.7967825639933122
1159,5680.150000000001,0.7846917779711834
1160,5682.88,0.8631333022945615
1161,5685.599999999999,0.7868309162724328
1162,5688.33,0.8087164405958109
1163,5691.049999999999,0.7778115545736822
1164,5693.780000000001,0.8166134788970604
1165,5696.5,0.7920176928749316
1166,5699.23,0.8110648171983097
1167,5701.95,0.799849831176181
1168,5704.679999999999,0.8013639554995591
1169,5707.400000000001,0.7581001694774304
1170,5710.12,0.8042358834553016
1171,5712.85,0.7513188077786798
1172,5715.57,0.803763821756551
1173,5718.299999999999,0.8003475460799292
1174,5721.02,0.8074600600578005
1175,5723.75,0.8265233843811786
1176,5726.47,0.8240341983590498
1177,5729.2,0.8281759226824279
1178,5731.92,0.7710772366602993
1179,5734.65,0.7981852609836774
1180,5737.370000000001,0.8011132749615486
1181,5740.09,0.7924771889394199
1182,5742.82,0.829576113262798
1183,5745.54,0.8074780272406692
1184,5748.2699999999995,0.7996826515640474
1185,5750.990000000001,0.7699290655419186
1186,5753.72,0.8474459898652967
1187,5754.399369999999,0.8396175529021284
1188,5756.4400000000005,0.8161263109829712
1189,5759.17,0.871064748549643
1190,5761.889999999999,0.7998698625354846
1191,5764.62,0.8326206001021563
1192,5767.339999999999,0.8238531140879979
1193,5770.070000000001,0.8147099516546698
1194,5772.79,0.8227290656405113
1195,5775.51,0.8130046796263528
1196,5778.24,0.8271033171930248
1197,5780.960000000001,0.8102911311788662
1198,5783.6900000000005,0.7990394687455381
1199,5786.41,0.7958187827313796
1200,5789.14,0.7930010202980515
1201,5791.86,0.817547634283893
1202,5794.589999999999,0.8455460718505649
1203,5797.31,0.8187753858364064
1204,5800.04,0.8163305234030782
1205,5802.76,0.7896734373889197
1206,5805.48,0.7860959513747613
1207,5808.21,0.8279131889414332
1208,5810.929999999999,0.8278390029272747
1209,5813.660000000001,0.7896149404939464
1210,5816.38,0.8124909544797881
1211,5819.11,0.8415760920464599
1212,5821.83,0.8128753060323014
1213,5824.5599999999995,0.8584715435989734
1214,5827.280000000001,0.8170387575848148
1215,5830.01,0.7926820951514868
1216,5832.7300000000005,0.8396757091373281
1217,5835.46,0.8159190467040001
1218,5838.179999999999,0.8029832606898416
1219,5840.9,0.8163547746756832
1220,5843.63,0.826204112242355
1221,5846.35,0.8162039262281966
1222,5849.08,0.8051143637948683
1223,5851.8,0.8258007777807099
1224,5854.53,0.8065531153473817
1225,5857.250000000001,0.8063167293332233
1226,5859.9800000000005,0.8090621668998952
1227,5862.7,0.7976345808857367
1228,5865.43,0.7796844184524084
1229,5868.15,0.7808754324382501
1230,5870.87,0.8234089464240917
1231,5873.6,0.9183760839907634
1232,5876.320000000001,1.037918197976605
1233,5879.05,1.026552535543277
1234,5881.7699999999995,0.9304940495291184
1235,5884.5,0.8614859870957903
1236,5887.219999999999,0.7670490010816319
1237,5889.950000000001,0.7180718386483036
1238,5892.67,0.7202682526341452
1239,5895.4,0.706454190200817
1240,5898.12,0.7299624041866586
1241,5900.849999999999,0.7493325417533304
1242,5903.570000000001,0.7763929557391719
1243,5906.29,0.7845093697250134
1244,5909.02,0.7797778072916853
1245,5911.74,0.7934088212775269
1246,5914.469999999999,0.7835033588441987
1247,5917.19,0.7789527728300403
1248,5919.92,0.7448647103967121
1249,5922.64,0.7476611243825536
1250,5925.37,0.7842234619492254
1251,5928.09,0.774677475935067
1252,5930.82,0.7549757135017389
1253,5933.540000000001,0.7267613274875804
1254,5936.26,0.763991041473422
1255,5938.99,0.7639467790400938
1256,5941.71,0.7616993930259353
1257,5944.44,0.7741438305926072
1258,5947.16,0.7699499445784487
1259,5949.89,0.7851029821451205
1260,5952.610000000001,0.765452396130962
1261,5955.34,0.774393633697634
1262,5958.0599999999995,0.7621226476834755
1263,5960.79,0.7723937852501473
1264,5963.509999999999,0.7970050992359888
1265,5966.2300000000005,0.7613948132218303
1266,5968.96,0.7602964507885023
1267,5971.68,0.7775928647743438
1268,5974.41,0.7771106023410157
1269,5977.13,0.7855029163268572
1270,5979.860000000001,0.772288853893529
1271,5982.58,0.8001601678793705
1272,5985.31,0.7727705054460424
1273,5988.03,0.762121519431884
1274,5990.76,0.7751499569985558
1275,5993.48,0.7916028709843974
1276,5996.21,0.7890610085510692
1277,5998.93,0.7513746225369107
1278,6001.65,0.7492244365227523
1279,6004.38,0.7578412740894241
1280,6007.099999999999,0.7809441880752657
1281,6009.830000000001,0.7772344256419375
1282,6012.55,0.7624820396277789
1283,6015.28,0.776434977194451
1284,6018.0,0.7547567911802924
1285,6020.73,0.7869724287469643
1286,6023.45,0.7828758427328057
1287,6026.18,0.7790039802994777
1288,6028.900000000001,0.7384955942853191
1289,6031.62,0.7759361082711608
1290,6034.35,0.7456757458378326
1291,6037.07,0.788598459823674
1292,6039.799999999999,0.792317097390346
1293,6042.52,0.7683520113761875
1294,6045.25,0.7973239489428594
1295,6047.97,0.7866747629287008
1296,6050.7,0.8034011004953727
1297,6053.42,0.8129287144812142
1298,6056.150000000001,0.7883612520478861
1299,6058.87,0.7499612660337277
1300,6061.6,0.7501442036003996
1301,6064.32,0.7740256175862411
1302,6067.04,0.7850777315720825
1303,6069.7699999999995,0.7615644691387544
1304,6072.490000000001,0.763501283124596
1305,6075.22,0.7639599206912678
1306,6077.94,0.7612907346771094
1307,6080.67,0.7518070722437812
1308,6083.389999999999,0.8039583862296228
1309,6086.120000000001,0.7394594237962946
1310,6088.84,0.7812954377821361
1311,6091.57,0.728750075348808
1312,6094.29,0.7631412893346495
1313,6097.01,0.756628303320491
1314,6099.74,0.7985590408871629
1315,6102.459999999999,0.7572558548730045
1316,6105.1900000000005,0.7857572924396762
1317,6107.91,0.7679069064255177
1318,6110.64,0.7684628439921897
1319,6113.36,0.7651448579780312
1320,6116.089999999999,0.8459366955447031
1321,6118.81,0.9280123095305446
1322,6121.54,0.8743637470972164
1323,6124.26,0.748478161083058
1324,6126.99,0.7380537986497298
1325,6129.71,0.7545879126355713
1326,6132.429999999999,0.7699218266214128
1327,6135.16,0.7329467641880848
1328,6137.88,0.7377868781739263
1329,6140.61,0.7414083157405981
1330,6143.33,0.7546986297264396
1331,6146.0599999999995,0.7145608672931115
1332,6148.780000000001,0.7795251812789531
1333,6151.51,0.7386251188456249
1334,6154.2300000000005,0.7818882328314665
1335,6156.96,0.7223525703981383
1336,6159.679999999999,0.7456661843839798
1337,6162.400000000001,0.7056604983698214
1338,6165.13,0.7090710359364932
1339,6167.85,0.7034660499223347
1340,6170.58,0.7244094874890066
1341,6173.3,0.7114897014748481
1342,6176.03,0.7437865390415199
1343,6178.749999999999,0.7585040530273615
1344,6181.4800000000005,0.7994292905940333
1345,6184.2,0.7397985045798748
1346,6186.93,0.7185722421465468
1347,6189.65,0.7073230561323883
1348,6192.379999999999,0.7251524936990601
1349,6195.1,0.7135626076849017
1350,6197.820000000001,0.7499165216707432
1351,6200.55,0.697825259237415
1352,6203.2699999999995,0.7115208732232566
1353,6206.0,0.7131798107899284
1354,6208.719999999999,0.72716752477577
1355,6211.45,0.7274153623424418
1356,6214.17,0.7406894763282833
1357,6216.9,0.7140947138949552
1358,6219.62,0.7013370278807968
1359,6222.349999999999,0.7064668654474686
1360,6225.070000000001,0.7073332794333101
1361,6227.79,0.7242727934191517
1362,6230.52,0.7323545309858235
1363,6233.24,0.696030444971665
1364,6235.969999999999,0.7075992825383369
1365,6238.6900000000005,0.7113040965241785
1366,6241.42,0.6906780340908503
1367,6244.14,0.7289131480766918
1368,6246.87,0.7338969856433637
1369,6249.59,0.7426134996292052
1370,6252.32,0.744223837195877
1371,6255.039999999999,0.7438575511817186
1372,6257.76,0.7079551651675602
1373,6260.49,0.706208102734232
1374,6263.21,0.7389289167200735
1375,6265.94,0.7105500542867453
1376,6268.660000000001,0.7247971682725869
1377,6271.39,0.7432266058392587
1378,6274.110000000001,0.7078271198251003
1379,6276.84,0.6935590573917721
1380,6279.5599999999995,0.7371951713776137
1381,6282.29,0.7020530089442855
1382,6285.01,0.705936122930127
1383,6287.740000000001,0.7335454604967989
1384,6290.46,0.7339253744826404
1385,6293.18,0.728287988468482
1386,6295.91,0.7503180260351539
1387,6298.629999999999,0.7940678400209954
1388,6301.360000000001,0.8638145775876672
1389,6304.08,0.9135978915735088
1390,6306.81,0.8600953291401806
1391,6309.53,0.7073345431260222
1392,6312.259999999999,0.7364687806926941
1393,6314.9800000000005,0.7874845946785356
1394,6317.71,0.6838653322452073
1395,6320.43,0.7313291462310488
1396,6323.15,0.6883715602168905
1397,6325.88,0.7358007977835623
1398,6328.599999999999,0.7432035117694038
1399,6331.329999999999,0.7347902493360757
1400,6334.05,0.7606018633219173
1401,6336.78,0.741905800888589
1402,6339.5,0.7206006148744306
1403,6342.23,0.7356402524411024
1404,6344.950000000001,0.752823066426944
1405,6347.68,0.7653326039936159
1406,6350.400000000001,0.8019622179794574
1407,6353.13,0.7538446555461291
1408,6355.849999999999,0.7916256695319708
1409,6358.57,0.7754459835178122
1410,6361.3,0.7581123210844841
1411,6364.02,0.7491499350703257
1412,6366.75,0.7675792726369975
1413,6369.47,0.7846648866228391
1414,6372.2,0.7720996241895108
1415,6374.919999999999,0.7196376381753525
1416,6377.650000000001,0.7377751757420243
1417,6380.37,0.7382360897278658
1418,6383.1,0.7516863272945377
1419,6385.82,0.7319870412803793
1420,6388.54,0.7309719552662208
1421,6391.27,0.7355015928328925
1422,6393.990000000001,0.7408444068187341
1423,6396.72,0.752072644385406
1424,6399.44,0.7307190583712475
1425,6402.17,0.7406171959379194
1426,6404.889999999999,0.742408009923761
1427,6407.620000000001,0.7350167474904327
1428,6410.34,0.7112625614762742
1429,6413.07,0.7436566990429462
1430,6415.79,0.7342727130287877
1431,6418.5199999999995,0.7384617505954596
1432,6421.240000000001,0.731964664581301
1433,6423.96,0.7090700785671427
1434,6426.6900000000005,0.7312624161338144
1435,6429.41,0.715747430119656
1436,6432.139999999999,0.6957863676863278
1437,6434.86,0.7125799816721694
1438,6437.59,0.7464663192388412
1439,6440.31,0.7173273332246828
1440,6443.04,0.7104712707913545
1441,6445.76,0.7313682847771961
1442,6448.49,0.744623722343868
1443,6451.210000000001,0.7314932363297095
1444,6453.93,0.725807050315551
1445,6456.66,0.729493387882223
1446,6459.38,0.7165573018680644
1447,6462.11,0.7143561394347363
1448,6464.83,0.712238153420578
1449,6467.56,0.7171733909872496
1450,6470.280000000001,0.7123632049730912
1451,6473.01,0.7208017425397631
1452,6475.73,0.7141424565256046
1453,6478.46,0.6907752940922764
1454,6481.179999999999,0.6899061080781179
1455,6483.910000000001,0.7086276456447899
1456,6486.63,0.7114078596306314
1457,6489.35,0.7395710736164729
1458,6492.08,0.7201614111831448
1459,6494.799999999999,0.6930822251689863
1460,6497.530000000001,0.6709640627356581
1461,6500.25,0.6764690767214998
1462,6502.9800000000005,0.6872755142881716
1463,6505.7,0.708561828274013
1464,6508.429999999999,0.694098965840685
1465,6511.15,0.6926947798265265
1466,6513.88,0.7074587173931982
1467,6516.6,0.6945550313790398
1468,6519.32,0.6880093453648815
1469,6522.05,0.7022867829315532
1470,6524.7699999999995,0.7030557969173947
1471,6527.500000000001,0.7290271344840666
1472,6530.22,0.7313370484699082
1473,6532.95,0.6983033860365799
1474,6535.67,0.7139941000224215
1475,6538.4,0.7151340375890933
1476,6541.12,0.7540827515749349
1477,6543.85,0.8459522891416068
1478,6546.570000000001,1.1222355031274482
1479,6549.29,1.3916423171132897
1480,6552.0199999999995,1.4092928546799617
1481,6554.74,1.3919616686658034
1482,6557.469999999999,1.830870206232475
1483,6560.1900000000005,3.5732170202183164
1484,6562.92,6.4049895577849885
1485,6565.64,7.56394037177083
1486,6568.37,5.952810909337502
1487,6571.09,3.0534167233233434
1488,6573.820000000001,1.4708722608900153
1489,6576.54,1.0693599748758569
1490,6579.27,1.3281886124425286
1491,6581.99,2.0893744264283702
1492,6584.71,2.7946712404142118
1493,6587.44,2.7495027779808834
1494,6590.160000000001,1.953234591966725
1495,6592.89,1.1872901295333969
1496,6595.61,0.8701006435192384
1497,6598.34,0.7529220810859103
1498,6601.0599999999995,0.7546480950717519
1499,6603.790000000001,0.7432506326384236
1500,6606.51,0.7270059466242652
1501,6606.93448,0.7239022573269414
1502,6609.24,0.7070641968884294
1503,6611.96,0.7041579955550281
1504,6614.679999999999,0.7056472942216268
1505,6617.41,0.7103459002362644
1506,6620.129999999999,0.7207232989028631
1507,6622.860000000001,0.6881180049175007
1508,6625.58,0.6989818035840993
1509,6628.3099999999995,0.686423309598737
1510,6631.03,0.7026557082653356
1511,6633.759999999999,0.6802523142799733
1512,6636.4800000000005,0.6826984129465719
1513,6639.21,0.6956849189612097
1514,6641.93,0.7011154176278083
1515,6644.66,0.6974774236424459
1516,6647.38,0.6894136223090446
1517,6650.099999999999,0.6801820209756432
1518,6652.83,0.7198652269902808
1519,6655.55,0.7189055256568796
1520,6658.28,0.6924310316715172
1521,6661.0,0.6726893303381158
1522,6663.73,0.6927961363527535
1523,6666.450000000001,0.7258801350193521
1524,6669.18,0.6915070410339897
1525,6671.9,0.6819024397005885
1526,6674.63,0.7416323457152261
1527,6677.349999999999,0.7791928443818248
1528,6680.070000000001,0.7836017430484234
1529,6682.8,0.765139349063061
1530,6685.52,0.7103807477296596
1531,6688.25,0.6880421537442972
1532,6690.97,0.7124651524108959
1533,6693.7,0.7004256584255336
1534,6696.419999999999,0.6954759570921323
1535,6699.150000000001,0.6994123631067699
1536,6701.87,0.7053617617733686
1537,6704.599999999999,0.7169048677880062
1538,6707.32,0.7470370664546049
1539,6710.049999999999,0.8163524724692426
1540,6712.77,0.9895695711358412
1541,6715.49,1.30887256980244
1542,6718.22,1.6461109758170775
1543,6720.94,1.565808574483676
1544,6723.67,1.2037429804983137
1545,6726.389999999999,1.0015371791649124
1546,6729.12,1.23549198517955
1547,6731.84,1.4349035838461486
1548,6734.57,1.4668329898607864
1549,6737.29,1.146666588527385
1550,6740.0199999999995,0.8891501945420227
1551,6742.740000000001,0.7203065932086213
1552,6745.46,0.74622199187522
1553,6748.19,0.6974785978898577
1554,6750.91,0.6872737965564564
1555,6753.639999999999,0.691437202571094
1556,6756.360000000001,0.7120651012376926
1557,6759.09,0.7118980072523302
1558,6761.81,0.7065103059189289
1559,6764.54,0.7193346119335666
1560,6775.900000000001,0.6862242593058315
1561,6791.5199999999995,0.679094036942696
1562,6807.17,0.6922065366236773
1563,6822.87,0.6931678730448534
1564,6838.59,0.6927701241621075
1565,6854.360000000001,0.6909891120195564
1566,6870.16,0.6664537219211222
1567,6886.0,0.6793172612148438
1568,6901.87,0.6762221225526823
1569,6917.78,0.6798426132826767
1570,6933.7300000000005,0.6714080334048269
1571,6949.71,0.6857623755710942
1572,6965.73,0.6812856471295172
1573,6981.79,0.6808627480800962
1574,6997.89,0.6777465784228309
1575,7014.0199999999995,0.6693261308096825
1576,7030.19,0.6623323125886901
1577,7046.39,0.6778352164118144
1578,7062.63,0.6693963496270947
1579,7078.92,0.6702970195825698
1580,7095.240000000001,0.6502761115821618
1581,7111.59,0.6524276256258708
1582,7127.99,0.6481536764097745
1583,7144.42,0.6438970492377951
1584,7160.889999999999,0.6473095514579716
1585,7177.39,0.635476975722265
1586,7193.94,0.5963776367267533
1587,7210.52,0.6259344197753582
1588,7227.139999999999,0.6481743322161193
1589,7243.81,0.637553281397075
1590,7260.51,0.6308580526221477
1591,7277.240000000001,0.6546378458913373
1592,7294.0199999999995,0.6438847759007217
1593,7310.830000000001,0.6434479279542231
1594,7327.679999999999,0.6559529093998803
1595,7344.580000000001,0.6674012275857323
1596,7361.51,0.6421467678157012
1597,7378.48,0.663861737437826
1598,7395.49,0.6412817364521065
1599,7412.54,0.6616488648585431
1600,7429.62,0.6365858153090964
1601,7446.75,0.6489716024998448
1602,7463.920000000001,0.6603186190827488
1603,7481.12,0.6532885577097698
1604,7498.37,0.6489338330769855
1605,7515.66,0.6523957378363573
1606,7532.9800000000005,0.6545757646398458
1607,7550.34,0.6620602208354902
1608,7567.75,0.6536798137713296
1609,7585.2,0.6519159360993245
1610,7585.77575,0.651559186655517
1611,7602.68,0.6411846885244157
1612,7620.209999999999,0.6318997723161507
1613,7637.78,0.6353639216727269
1614,7655.38,0.6274254702029344
1615,7673.03,0.5883442506891934
1616,7690.719999999999,0.616782596740294
1617,7708.45,0.5818698083562357
1618,7726.21,0.6087514191458087
1619,7744.02,0.6182130618914333
1620,7761.88,0.6080474365931097
1621,7779.77,0.5956931104684169
1622,7797.7,0.5965406499085657
1623,7815.68,0.6057875213047662
1624,7833.7,0.6139808582658081
1625,7851.76,0.6136249607916913
1626,7869.86,0.616983928882416
1627,7887.999999999999,0.606799362537982
1628,7906.18,0.6016109617583894
1629,7924.41,0.5881799929348485
1630,7942.679999999999,0.5913579896761489
1631,7960.98,0.5957533855910805
1632,7979.34,0.5977935798532741
1633,7997.73,0.5986355732890987
1634,8016.17,0.598275398680975
1635,8034.65,0.5756133896376928
1636,8053.169999999999,0.5939702461592519
1637,8071.7300000000005,0.6032261682456523
1638,8090.34,0.5873257222881046
1639,8108.990000000001,0.5905156418953982
1640,8127.68,0.5949052270675332
1641,8146.42,0.5981414441957199
1642,8165.2,0.588239526888748
1643,8184.0199999999995,0.5890590751466175
1644,8202.890000000001,0.5532864553605387
1645,8221.800000000001,0.5812716011393012
1646,8240.75,0.5525705124829052
1647,8259.75,0.5995457557825609
1648,8278.79,0.597977964647058
1649,8297.88,0.5637430054676067
1650,8317.0,0.5667813454617866
1651,8336.17,0.5607675174120181
1652,8355.39,0.5683284213183014
1653,8374.65,0.572531390789426
1654,8393.960000000001,0.5585345922166024
1655,8413.310000000001,0.5764252592086201
1656,8432.699999999999,0.5668411917654793
1657,8452.14,0.5608073562783902
1658,8471.63,0.5660936527473528
1659,8491.16,0.5600584147811567
1660,8510.73,0.520774542379802
1661,8530.35,0.5593084019344992
1662,8550.02,0.384997993445248
1663,8569.72,0.5574362841296279
1664,8589.48,0.5581773731612697
1665,8609.28,0.539049527757753
1666,8629.130000000001,0.549603014310288
1667,8649.019999999999,0.5559215664276644
1668,8668.949999999999,0.4698900841098822
1669,8688.94,0.528984300139362
1670,8708.970000000001,0.5317987817336833
1671,8709.6359,0.5324369087144182
1672,8729.050000000001,0.5511300446683366
1673,8749.17,0.536583200110639
1674,8769.34,0.5461214160783943
1675,8789.550000000001,0.5458303804665121
1676,8809.81,0.548847605380083
1677,8830.130000000001,0.5419370029241976
1678,8850.48,0.5383845367835839
1679,8870.88,0.4946255311684232
1680,8891.33,0.5228453860787157
1681,8911.83,0.5288932015144612
1682,8932.369999999999,0.528615165370569
1683,8952.97,0.5157182018572205
1684,8973.6,0.4961719746591438
1685,8994.29,0.5161654200916108
1686,9015.02,0.5015813139444403
1687,9035.81,0.49529988042781337
1688,9056.63,0.5474887832264583
1689,9077.51,0.5139583586556468
1690,9098.44,0.4798443946102883
1691,9119.41,0.5196081789852923
1692,9140.43,0.4918829238857494
1693,9161.51,0.48962094141675006
1694,9182.62,0.4600149952630226
1695,9203.789999999999,0.4969538217398387
1696,9225.01,0.4887391087421079
1697,9246.28,0.49041645626983016
1698,9267.59,0.49605285221791484
1699,9288.95,0.47722950869145253
1700,9310.37,0.46195663779553386
1701,9331.83,0.5134753153199777
1702,9353.34,0.5110966533698744
1703,9374.91,0.505650964050315
1704,9396.52,0.5094508231511178
1705,9418.17,0.5019960306722832
1706,9439.89,0.5078212229290827
1707,9461.65,0.5075170636062447
1708,9483.460000000001,0.5061735648088598
1709,9505.32,0.4997700265369278
1710,9527.23,0.49845784879044897
1711,9549.2,0.48232104367451367
1712,9571.21,0.4938218869789409
1713,9593.279999999999,0.49954730291391175
1714,9615.39,0.49520126726924496
1715,9637.550000000001,0.49489329215003125
1716,9659.77,0.48960548966136125
1717,9682.039999999999,0.49129044769814423
1718,9704.359999999999,0.48702336626038023
1719,9726.73,0.4837614453480693
1720,9749.15,0.4815045849612114
1721,9771.619999999999,0.48216678509980654
1722,9794.15,0.47604875786894535
1723,9816.73,0.48251629116353717
1724,9839.36,0.480257484983582
1725,9862.039999999999,0.4770412393290799
1726,9884.779999999999,0.4757544663051214
1727,9907.56,0.4716136417015254
1728,9930.4,0.473212889728473
1729,9953.29,0.47289799828087364
1730,9976.23,0.4716262673587273
1731,9999.24,0.4693963211722153
1732,10000.0,0.46923029174478476
1733,10022.29,0.46443680447782965
1734,10068.550000000001,0.45744069147309074
1735,10115.019999999999,0.46067744851307735
1736,10185.14,0.45626205106620543
1737,10232.15,0.4548568025069149
1738,10279.37,0.45345192399234996
1739,10303.08,0.4504696466611273
1740,10494.630000000001,0.4351494660286641
1741,10689.73,0.41815688377132365
1742,10888.47,0.40224681562255965
1743,11090.89,0.3892691463527962
1744,11297.1,0.3781683840806989
1745,11481.5362,0.3725756575653445
1746,11507.130000000001,0.37186549380157385
1747,11694.1,0.3618044682160239
1748,11911.51,0.3505382625437
1749,12105.05,0.3424214089959258
1750,12301.740000000002,0.3351389201237976
1751,12501.63,0.32671175568407157
1752,12704.76,0.31911940348215273
1753,12911.2,0.31106306717750004
1754,13090.81,0.305093685397425
1755,13182.5674,0.30177175658040145
1756,13303.52,0.2976157346160276
1757,13488.59,0.29279915554707586
1758,13707.76,0.2874793645893725
1759,13898.46,0.2800942681909876
1760,14091.81,0.27239872189508973
1761,14287.84,0.2675068968349146
1762,14486.61,0.2662774352769336
1763,14688.140000000001,0.25998511797663726
1764,14892.47,0.25978860644500645
1765,15099.65,0.25809705257076737
1766,15135.6125,0.25831789767659724
1767,15309.710000000001,0.2595416875776939
1768,15486.97,0.25803659299759807
1769,15702.419999999998,0.25359267723949336
1770,15884.25,0.24686464506360017
1771,16105.22,0.24731882153114065
1772,16291.720000000001,0.2454234443722335
1773,16518.36,0.24076810198459436
1774,16709.64,0.2371369717167351
1775,16903.11,0.23224087966883294
1776,17098.850000000002,0.22745791993111455
1777,17296.85,0.21990139324230165
1778,17378.0083,0.2179303613266998
1779,17497.14,0.2150704427218867
1780,17699.73,0.20885158253484667
1781,17904.690000000002,0.20359831064119088
1782,18112.02,0.19707722704091932
1783,18279.6,0.19288485370983602
1784,18491.27,0.18847966428394744
1785,18705.39,0.18258107963392023
1786,18878.48,0.17847444153344758
1787,19097.07,0.17602977784182863
1788,19318.2,0.17123563746885778
1789,19496.960000000003,0.16632076756394998
1790,19677.35,0.16269883348951317
1791,19905.21,0.1591970797049288
1792,19952.6231,0.1586578097733839
1793,20089.399999999998,0.1570633707499922
1794,20322.010000000002,0.15315118205960868
1795,20510.05,0.15111424015109354
1796,20699.839999999997,0.14789136290786287
1797,20891.36,0.1452361518765992
1798,21084.670000000002,0.14310940241725506
1799,21279.75,0.140573886076513
1800,21476.66,0.1380998682143256
1801,21675.39,0.13504337960403406
1802,21875.94,0.13312537024563842
1803,22078.36,0.1306314562724325
1804,22282.66,0.1280076569110751
1805,22488.83,0.1260389029349074
1806,22696.920000000002,0.1237375204772233
1807,22906.92,0.11504894031136399
1808,22908.6765,0.115028952609757
1809,23118.88,0.1125901775193926
1810,23279.12,0.10314479101827556
1811,23494.53,0.0984593319674417
1812,23711.94,0.09767556286042813
1813,23876.29,0.09214256324386183
1814,24097.219999999998,0.08933690803797198
1815,24320.170000000002,0.08767729677534067
1816,24488.77,0.08388009203939252
1817,24715.34,0.08231185467507596
1818,24886.68,0.07638586786216162
1819,25116.93,0.07484412639447442
1820,25219.399999999998,0.07056233251610783
1821,25315.31,0.07267284682201064
1822,25411.21,0.07345991412819433
1823,25507.019999999997,0.07425994843690611
1824,25602.93,0.07328072274280893
1825,25698.73,0.07305899005180161
1826,25794.63,0.07403256735798532
1827,25890.54,0.07305821166388812
1828,25986.35,0.07562126597259991
1829,26082.25,0.07554871327878362
1830,26178.16,0.07764624758468641
1831,26273.97,0.07745854189339821
1832,26302.679900000003,0.07671625695082049
1833,26369.87,0.07495688608010931
1834,26465.679999999997,0.07196245401864648
1835,26561.58,0.06799483522734823
1836,26657.48,0.06915244643604998
1837,26753.29,0.07128811437458714
1838,26849.2,0.07016043927997384
1839,26945.100000000002,0.0702297504886756
1840,27040.91,0.06893020842721276
1841,27136.809999999998,0.06929308963591452
1842,27232.62,0.06877693757445169
1843,27328.519999999997,0.06985020878315343
1844,27424.43,0.06959511368854013
1845,27520.24,0.0686248216270773
1846,27616.14,0.06687273283577905
1847,27712.050000000003,0.06709285774116575
1848,27807.85,0.06715089198301796
1849,27903.760000000002,0.06818196688840467
1850,27999.559999999998,0.06838759113025689
1851,28095.469999999998,0.06810978603564359
1852,28191.37,0.06700808724434534
1853,28287.179999999997,0.06559825518288251
1854,28383.09,0.0653285600882692
1855,28478.989999999998,0.06534597129697095
1856,28574.8,0.06628466923550812
1857,28670.7,0.06646752044420987
1858,28766.51,0.06681097838274704
1859,28862.41,0.06616502959144879
1860,28958.32,0.06585478449683549
1861,29054.120000000003,0.06528350873868771
1862,29150.03,0.06407149364407441
1863,29245.930000000004,0.06599302485277615
1864,29341.74,0.06606724279131332
1865,29437.65,0.06594514769670003
1866,29533.45,0.06416068193855225
1867,29629.36,0.06455760684393895
1868,29725.26,0.06438200805264069
1869,29821.07,0.06531745599117786
1870,29916.969999999998,0.0638313571998796
1871,30012.88,0.06338488210526631
1872,30108.69,0.06123222004380348
1873,30199.5172,0.061697258346775294
1874,30204.589999999997,0.06172256287541956
1875,30300.4,0.06290813717246137
1876,30396.3,0.06304105288153464
1877,30492.210000000003,0.062158610969722514
1878,30588.01,0.06260787288764971
1879,30683.92,0.0602932909758376
1880,30779.82,0.060435926684910865
1881,30875.629999999997,0.05992499098195267
1882,30971.54,0.06118672907014054
1883,31067.34,0.061352140988067745
1884,31163.249999999996,0.06089789907625562
1885,31259.15,0.05984032478532888
1886,31354.96,0.06022467908237069
1887,31450.86,0.062118984791443954
1888,31546.77,0.062448112879631826
1889,31642.57,0.06092675479755903
1890,31738.48,0.061392122885746914
1891,31834.289999999997,0.058602407182788724
1892,31930.190000000002,0.05879208289186199
1893,32026.1,0.05856490098004986
1894,32121.9,0.06036033289797707
1895,32217.81,0.06002125098616494
1896,32313.710000000003,0.061553856695238204
1897,32409.52,0.06276539099228001
1898,32505.42,0.06565716670135327
1899,32601.23,0.06846790099839509
1900,32697.129999999997,0.07357196670746835
1901,32793.04,0.08289946479565623
1902,32888.85,0.09314663909269805
1903,32984.75,0.09541886480177131
1904,33080.66,0.09229656288995919
1905,33176.46,0.07759231480788638
1906,33272.369999999995,0.07012492289607426
1907,33368.17,0.06533703481400147
1908,33464.08,0.06283756290218932
1909,33559.990000000005,0.061450720990377204
1910,33655.79,0.0628682529083044
1911,33751.7,0.062182070996492284
1912,33847.6,0.06235551670556555
1913,33943.409999999996,0.06038973100260736
1914,34039.31,0.06121356671168063
1915,34135.119999999995,0.05951864100872244
1916,34231.020000000004,0.0608225567177957
1917,34326.93,0.05934326480598357
1918,34422.73,0.05963519672391077
1919,34518.64,0.05997730481209865
1920,34614.55,0.05952792290028652
1921,34673.685,0.058796063645240884
1922,34710.35,0.05834106475750922
1923,34806.26,0.05725105519610839
1924,34902.060000000005,0.05642065315479676
1925,34997.97,0.056618443593395934
1926,35093.869999999995,0.055575491988366865
1927,35189.68,0.05571496199068349
1928,35285.59,0.05337284242928266
1929,35381.490000000005,0.05336305082425358
1930,35477.3,0.0531927408265702
1931,35573.2,0.053761969221541125
1932,35669.01,0.051966509223857746
1933,35764.909999999996,0.05238975761882868
1934,35860.82,0.051967978057427845
1935,35956.63,0.05213827805974447
1936,36052.53,0.052162536454715386
1937,36148.43,0.051612644849686314
1938,36244.24,0.04990249485200293
1939,36340.15,0.05094757529060211
1940,36435.95,0.05117140324929048
1941,36531.86,0.05193037368788966
1942,36627.76,0.05070901208286058
1943,36723.57,0.0495628020851772
1944,36819.47,0.04895776048014812
1945,36915.38,0.0500309009187473
1946,37011.189999999995,0.049975750921063926
1947,37107.090000000004,0.05014597931603483
1948,37202.9,0.04978753931835146
1949,37298.8,0.04945010771332238
1950,37394.71,0.04942083815192157
1951,37490.51,0.04896054611060993
1952,37586.42,0.0475699965492091
1953,37682.32,0.047322914944180026
1954,37778.13,0.047244254946496644
1955,37874.04,0.049290855385095825
1956,37969.840000000004,0.04956010334378419
1957,38065.75,0.049851963782383366
1958,38161.65,0.04889822217735429
1959,38257.46,0.047653392179670906
1960,38353.36,0.04772145057464183
1961,38449.270000000004,0.047812191013241016
1962,38545.07,0.04707941897192938
1963,38640.979999999996,0.04700083941052856
1964,38736.79,0.04516921941284518
1965,38832.689999999995,0.0445354678078161
1966,38928.6,0.045183338246415274
1967,39024.4,0.04456442620510364
1968,39120.31,0.04532988664370282
1969,39216.21,0.045801465038673744
1970,39312.02,0.04658955504099037
1971,39407.93,0.046427765479589544
1972,39503.729999999996,0.04480797343827791
1973,39599.64,0.04513292387687709
1974,39695.54,0.04451166227184801
1975,39791.35,0.04567522227416463
1976,39810.7171,0.04562532187975629
1977,39887.25,0.04543260619682904
1978,39983.159999999996,0.04571077530648447
1979,40078.96,0.04453531550359626
1980,40174.87,0.0441767246132517
1981,40270.68,0.044675217438776546
1982,40366.58,0.04759809392001893
1983,40462.490000000005,0.05208009302967437
1984,40558.29,0.05713471322678615
1985,40654.2,0.0546327623364416
1986,40750.1,0.04864047881768398
1987,40845.909999999996,0.044651471643208825
1988,40941.81,0.0433437581244512
1989,41037.619999999995,0.04241789094997604
1990,41133.52,0.042297087431218426
1991,41229.43,0.04179981654087386
1992,41325.24,0.042418339366398716
1993,41421.14,0.04291369584764109
1994,41517.049999999996,0.04290559495729654
1995,41612.850000000006,0.04145100515440831
1996,41708.759999999995,0.04127812426406376
1997,41804.560000000005,0.04027377446117554
1998,41900.47,0.040845343570830986
1999,41996.37,0.04014357005207336
2000,42092.18,0.04052285287759821
2001,42188.090000000004,0.04018859198725365
2002,42283.99,0.040683138468496034
2003,42379.8,0.040751181294020875
2004,42475.7,0.04054765777526326
2005,42571.51,0.0397659806007881
2006,42667.409999999996,0.03939312708203049
2007,42763.32,0.03901296619168593
2008,42859.119999999995,0.03892385738879771
2009,42955.03,0.038523421498453156
2010,43050.94,0.03823878860810859
2011,43146.74,0.038935984805220376
2012,43242.649999999994,0.03915252391487582
2013,43338.450000000004,0.0389703141119876
2014,43434.35999999999,0.037807420221643045
2015,43530.259999999995,0.03750446970288543
2016,43626.07,0.037753520528410266
2017,43721.98,0.038027957638065706
2018,43817.880000000005,0.038017927119308084
2019,43913.69,0.038011362944832934
2020,44009.590000000004,0.03776096542607531
2021,44105.4,0.036783525251600155
2022,44201.3,0.036425755732842534
2023,44297.2,0.03670685721408492
2024,44393.01,0.037556014039609766
2025,44488.92,0.03709978114926521
2026,44584.82,0.03707061163050759
2027,44680.63,0.036335325456032436
2028,44776.54,0.03605458556568787
2029,44872.34,0.035397484762799664
2030,44968.25,0.0349480658724551
2031,45064.149999999994,0.03489002635369748
2032,45159.950000000004,0.03487211955080926
2033,45255.85999999999,0.03518791966046471
2034,45351.77,0.03544565277012015
2035,45447.58,0.03612986159564499
2036,45543.48,0.03607133307688737
2037,45639.29,0.036323790902412216
2038,45708.818999999996,0.03558063136858852
2039,45735.19,0.0353000263192873
2040,45831.1,0.03422816338838807
2041,45926.9,0.03414331228526904
2042,46022.81,0.034030161354369814
2043,46118.71,0.03626473331690515
2044,46214.52,0.03672986432035155
2045,46310.42,0.03732533628288689
2046,46406.229999999996,0.03793351028633329
2047,46502.14,0.03915113535543406
2048,46598.04,0.03849465731796939
2049,46693.85,0.0371224813214158
2050,46789.75,0.03485025728395113
2051,46885.649999999994,0.03449447924648647
2052,46981.46000000001,0.03387357624993287
2053,47077.369999999995,0.03417952531903365
2054,47173.18,0.033272518322480044
2055,47269.08,0.033681632285015375
2056,47364.990000000005,0.03358907735411614
2057,47460.79,0.034671191250997116
2058,47556.69,0.03312865821353245
2059,47652.6,0.03362339828263322
2060,47748.41,0.03329752128607963
2061,47844.31,0.03420196624861496
2062,47940.12,0.03447165325206136
2063,48036.03,0.03474759732116213
2064,48131.93,0.033946605283697466
2065,48227.74,0.033445074287143876
2066,48323.64,0.033523805249679205
2067,48419.54,0.03354090421221454
2068,48515.35,0.03243407521566095
2069,48611.25,0.03204180317819628
2070,48707.060000000005,0.03193553318164268
2071,48802.969999999994,0.03257916425074346
2072,48898.88,0.03186347431984422
2073,48994.68,0.03243517121672519
2074,49091.579999999994,0.031884718835804175
2075,49582.490000000005,0.0315352882396438
2076,50078.32,0.03118245807367815
2077,50579.1,0.030825895657603537
2078,51084.89,0.03046588163081257
2079,51595.74,0.030102214526132435
2080,51690.23,0.03003496846294123
2081,51989.83,0.03103757716341658
2082,52289.44,0.03127609397045736
2083,52480.746,0.03063250361540776
2084,52589.04,0.030280048324360015
2085,52888.65,0.0303483338333174
2086,53188.35,0.03118275716339492
2087,53487.96,0.0316414346723523
2088,53787.56,0.028812833978962997
2089,54087.16,0.028311349285573696
2090,54386.770000000004,0.027742059794531065
2091,54686.47,0.027779803124608596
2092,54986.08,0.028297843633565974
2093,55285.68,0.02851453994017667
2094,55585.29,0.028808431449134052
2095,55884.89,0.029037130755744753
2096,56184.59,0.03010333208582227
2097,56484.2,0.03051204859477965
2098,56783.799999999996,0.030567690901390353
2099,57083.409999999996,0.030823467410347725
2100,57383.02,0.030456913919305106
2101,57682.719999999994,0.02992715824938263
2102,57982.329999999994,0.02929477475834001
2103,58281.93,0.029065607064950705
2104,58581.53,0.0295215393715614
2105,58881.14,0.02995150588051878
2106,59180.840000000004,0.029632920210596297
2107,59480.45,0.02969357671955368
2108,59780.049999999996,0.03132587902616438
2109,60079.659999999996,0.03365299553512176
2110,60255.9586,0.03395774161529612
2111,60379.259999999995,0.034190956004055154
2112,60678.96,0.03489156290448558
2113,60978.57,0.03658804732836933
2114,61278.170000000006,0.04188518592152568
2115,61577.780000000006,0.05279574034540943
2116,61877.380000000005,0.06652518893856578
2117,62177.090000000004,0.07137949166972361
2118,62476.69,0.06671486026287995
2119,62776.3,0.05834577468676372
2120,63075.9,0.05059950327992006
2121,63375.5,0.04439568187307641
2122,63675.21,0.04006997460423424
2123,63974.81,0.037293243197390594
2124,64274.42,0.03502415762127435
2125,64574.020000000004,0.033019456214430684
2126,64873.630000000005,0.031803640638314444
2127,65173.33,0.031554287538744875
2128,65472.93,0.03030036613190122
2129,65772.54,0.030697050555784977
2130,66072.15,0.03086391497966873
2131,66371.75,0.030962183572825073
2132,66671.45999999999,0.030608536303982917
2133,66971.06,0.03048994489713926
2134,67000.0,0.03050042268435329
2135,67270.67,0.030619714491684814
2136,67570.26,0.030353767728043515
2137,67869.88,0.029900290816857536
2138,68169.58,0.029458326845552427
2139,68469.18,0.029567666699396235
2140,68768.79,0.029915433170725154
2141,69068.4,0.030080399642054067
2142,69242.2916,0.03052248818835802
2143,69368.0,0.030847170131092286
2144,69667.7,0.03510465268660454
2145,69967.31,0.035503632040148156
2146,70266.90999999999,0.032194944371250825
2147,70566.51,0.03183973670235349
2148,70866.12,0.03375358605589711
2149,71165.82,0.033271848611409346
2150,71465.43000000001,0.03324102796495297
2151,71559.6261,0.03336290197638079
2152,71765.03,0.03365388159163307
2153,72064.64,0.03422751969343296
2154,72364.24,0.03489035954490403
2155,72663.94,0.03602030189966331
2156,72963.55,0.0368226200014632
2157,73263.16,0.03857375810326309
2158,73562.76000000001,0.04022110795473416
2159,73862.36,0.04299729780620523
2160,73954.515,0.04396362331206717
2161,74162.07,0.046173771091509885
2162,74461.67,0.04960365201928788
2163,74761.27,0.05237342294706587
2164,75060.88,0.05335909375137683
2165,75660.09,0.060332385483465784
2166,76259.4,0.061929065980884435
2167,76429.5536,0.061481135451995135
2168,76858.6,0.06044569401253619
2169,77457.82,0.05856329560249372
2170,78057.13,0.05675066580488591
2171,78656.34,0.05384162532679514
2172,78987.42450000001,0.05098013189520523
2173,79255.65,0.04869023774364694
2174,79854.84999999999,0.044107395359756454
2175,80454.07,0.04010194922378373
2176,81053.37000000001,0.03704047807948205
2177,81630.8998,0.035424752409495816
2178,81652.58,0.0353650737458057
2179,82251.79000000001,0.03482178006577719
2180,82851.09,0.03537978854854436
2181,83450.31000000001,0.03589884844215983
2182,84049.51000000001,0.03621354118848735
2183,84362.84430000001,0.03698353238033875
2184,84648.83,0.03762284450774721
2185,85248.03,0.03997141945563408
2186,85847.35,0.04106303065417807
2187,86446.56,0.039935846956286374
2188,87045.77,0.037290573258394674
2189,87186.21900000001,0.03654103615570195
2190,87645.07999999999,0.0340647350820273
2191,88244.28,0.03120109501596135
2192,88843.5,0.029519656460240316
2193,89442.79999999999,0.03003300394589898
2194,90042.01,0.030595644635005484
2195,90104.0836,0.030310568790035124
2196,90641.21999999999,0.027808408945712244
2197,91240.52,0.026837040520978375
2198,91839.73999999999,0.02696743131779294
2199,92439.04000000001,0.026664772893059067
2200,93038.25,0.026513283592567195
2201,93119.6005,0.026527132863123984
2202,93637.46,0.026482517731759893
2203,94236.76000000001,0.026155471813831373
2204,94835.98000000001,0.02600977562904725
2205,95435.19,0.02583521191090618
2206,96034.5,0.025838373526334616
2207,96236.03790000001,0.02590371484076839
2208,96633.70000000001,0.025997532013645328
2209,97232.91,0.025561153028423447
2210,97832.23,0.02511533719804148
2211,98431.44,0.024638578212819597
2212,99030.75,0.02437620573199764
2213,99456.7731,0.024209290538609547
2214,99629.95,0.02414886938534242
2215,100229.17,0.023922283588548962
2216,100828.46999999999,0.023813594427275445
2217,101427.68000000001,0.02359609155104199
2218,102026.89,0.02328566267480854
2219,102626.19,0.023142589513535018
2220,102785.297,0.02313298398885224
2221,103225.40999999999,0.02309302582548966
2222,103824.60999999999,0.023233918677167634
2223,104423.92,0.024153446056572055
2224,105023.12999999999,0.025919645683497895
2225,105622.45000000001,0.025400699838150166
2226,106221.65000000001,0.023986012689828144
2227,106225.216,0.023984356953357825
2228,106820.86,0.023749761049050105
2229,107420.18,0.02348016294483586
2230,108019.38,0.02334974508251661
2231,108618.59000000001,0.023405044700039436
2232,109217.9,0.023997169115983118
2233,109780.26,0.025251880719110786
2234,109817.11,0.025334642137842707
2235,110416.31999999999,0.02631742793752648
2236,111015.62,0.02769237238296378
2237,111614.84,0.0340475558099535
2238,112214.14,0.04104015025539079
2239,112813.35,0.04046492605507456
2240,113412.56,0.035622461854758335
2241,113454.28,0.035319457194190086
2242,114011.87,0.03128481029616533
2243,114611.07999999999,0.02849884407261878
2244,115210.29000000001,0.02642328784907223
2245,115809.59,0.025578242696669154
2246,116408.79999999999,0.024643536473122608
2247,117008.01000000001,0.023950330249576053
2248,117251.259,0.023826358837469266
2249,117607.32,0.023656926019328832
2250,118206.53,0.023677500003267078
2251,118805.85,0.023941984569368892
2252,119405.05,0.024200820318565
2253,120004.26,0.024121644302503242
2254,120603.56999999999,0.023829330633862916
2255,121175.312,0.023585871060532733
2256,121202.78000000001,0.023574968240537557
2257,121801.99,0.02325959497676492
2258,122401.29,0.023429168426008187
2259,123000.51,0.023912263685903982
2260,123599.72000000002,0.024205920422131336
2261,124199.02,0.024314183871374604
2262,124798.23,0.024614010607601967
2263,125230.691,0.02512949290085148
2264,125397.54000000001,0.025329541361046704
2265,125996.75,0.025817815575132505
2266,126595.96,0.0263790697892183
2267,127195.26999999999,0.02814051994049041
2268,127794.46999999999,0.034618505560857576
2269,128393.69,0.037237958368662005
2270,128993.0,0.026121448519934115
2271,129421.79100000001,0.02301815639604025
2272,129592.2,0.021789755421404863
2273,130191.40999999999,0.02094843403420245
2274,130790.72,0.020663891460373104
2275,131389.94,0.020497268954507996
2276,131989.14,0.020403158685968273
2277,132588.45,0.02042061611213893
2278,133187.66,0.020327634724936518
2279,133753.155,0.020094653753590097
2280,133786.97,0.020081841691959954
2281,134386.19,0.020242248052568402
2282,134985.38,0.020138296775930396
2283,135584.7,0.02018029526069368
2284,136183.91,0.020195222408886642
2285,136783.11000000002,0.019832400344664124
2286,137382.44,0.01959137804184289
2287,137981.63,0.01950105676520489
2288,138229.477,0.01943356886725288
2289,138580.84,0.019343107674129632
2290,139180.16,0.019190129272515503
2291,139779.36,0.019181998541274784
2292,140378.67,0.01932664077885844
2293,140977.88,0.019058189408419936
2294,141577.09,0.019039838037981434
2295,142176.41,0.018568639636367304
2296,142775.61000000002,0.01810896890512658
2297,142855.609,0.018052902752659094
2298,143374.81,0.017714012635040546
2299,144426.59,0.018778405775259254
2300,145265.58,0.0186777307417086
2301,146104.55,0.018711016024133914
2302,146943.52,0.018690141306559223
2303,147636.563,0.018580168213842257
2304,147782.38999999998,0.01855752941438779
2305,148621.36,0.018607818456040245
2306,149460.33,0.0186208074976927
2307,150299.2,0.018757707775498813
2308,151138.19,0.018887786569920535
2309,151977.16,0.01889055561157299
2310,152577.522,0.019018599631335766
2311,152816.02,0.01907062493444362
2312,153654.98,0.01923236081624148
2313,154493.98,0.02124582639794789
2314,155332.84,0.02553662302997439
2315,156171.81,0.02484426883674939
2316,157010.8,0.02060332449347866
2317,157683.84,0.02010208406482444
2318,157849.66,0.019978069030233147
2319,158688.64,0.020249893177789677
2320,159527.61000000002,0.020465747431854735
2321,160366.58,0.02058429168591979
2322,161205.45,0.020959917005070126
2323,162044.43999999997,0.021149831046118128
2324,162883.39,0.02191324551320024
2325,162961.05099999998,0.02201346958519702
2326,163722.28,0.02299158802274355
2327,164561.23,0.02342234366382304
2328,165400.19999999998,0.02311512897963025
2329,166239.09000000003,0.022798195596526575
2330,167078.05000000002,0.02285429107496992
2331,167917.05000000002,0.02285361590286871
2332,168414.875,0.022925410275230516
2333,168755.91,0.0229748484648849
2334,169594.88,0.0234094822233349
2335,170433.84,0.023917106136930405
2336,171272.69999999998,0.023790551601980847
2337,172111.69999999998,0.023686704894994366
2338,172950.66999999998,0.023826148653444373
2339,173789.63999999998,0.02404506241189438
2340,174051.222,0.0239418787011995
2341,174628.52000000002,0.02370729283813868
2342,175467.5,0.023205840016910898
2343,176306.45,0.023104988017853656
2344,177145.34,0.023208507663137486
2345,177984.31,0.023219575115966548
2346,178823.28,0.023396082568795613
2347,179662.16,0.023317952488136288
2348,179876.201,0.023283945750225552
2349,180501.11000000002,0.023184586028443446
2350,181340.09,0.023200423239085825
2351,182178.97,0.023441703202212096
2352,183017.94,0.02346403068810286
2353,183856.91,0.023556088173993624
2354,184695.77000000002,0.023537868687616672
2355,185534.77000000002,0.02392186534776227
2356,185896.125,0.0261334236585594
2357,186373.73,0.029053427761268003
2358,187212.7,0.03205475086413511
2359,188051.56,0.027199547691520002
2360,188890.56,0.02383972977860953
2361,189729.52,0.023872953220069167
2362,190568.40999999997,0.02397592903167648
2363,191407.37999999998,0.02392157213454359
2364,192117.51799999998,0.023631183320120094
2365,192246.34,0.023578015730173554
2366,193085.22,0.023583732038035984
2367,193924.2,0.02399167457972301
2368,194763.16,0.023969807874645123
2369,195602.03000000003,0.023740344559125083
2370,196441.00000000003,0.023645487477429655
2371,197279.96999999997,0.023667420395734225
2372,198118.86000000002,0.02357905632697911
2373,198547.123,0.023537260508330306
2374,198957.81,0.023496480344701486
2375,199796.8,0.023476423191199528
2376,200635.77,0.02339474682500501
2377,201474.62,0.02338443518265514
2378,202313.62,0.023232997635499457
2379,203991.45,0.022923669233301348
2380,205191.907,0.023382326625286692
2381,205669.41,0.02356744532305645
2382,207347.27,0.023478371407472932
2383,209025.09,0.023155748842035806
2384,210703.03,0.023447822226159508
2385,212059.073,0.023508232490643533
2386,212380.88,0.023522044205865716
2387,214058.83,0.023310202731860852
2388,215736.69,0.02374552444235652
2389,217414.52,0.02375265721435236
2390,219092.48,0.023660845386514105
2391,219156.062,0.023671195476862375
2392,220770.31000000003,0.023940539129591973
2393,222448.16,0.023802041063823283
2394,224126.09,0.02370895049303612
2395,225803.94999999998,0.02410892211414012
2396,226490.56699999998,0.024036321070568415
2397,227481.89,0.023932535266642116
2398,229159.73,0.023834707647570747
2399,230837.58,0.02402071972580295
2400,232515.55,0.02432511817167789
2401,234070.535,0.024124731551040956
2402,234193.38,0.024109026625479854
2403,235871.22999999998,0.023888036506563577
2404,237549.16,0.023829234047980756
2405,239227.02000000002,0.02363905363660616
2406,240904.95,0.02343428117802334
2407,241904.18300000002,0.023339375262890837
2408,242582.8,0.023276314159180626
2409,244260.64,0.023255018689447342
2410,245938.59,0.023005030228486247
2411,247616.44,0.022761534486823158
2412,249294.3,0.022670488473230273
2413,250000.0,0.022658801493976952
2414,250972.23,0.022645169424102343
2415,252650.09,0.02265732414595079
2416,254328.02,0.022552707142047698
2417,256005.86,0.02239618235696801
2418,257683.7,0.022562427571888324
2419,259361.66,0.02279515982837743
2420,261039.5,0.022612695043297742
2421,262717.33999999997,0.022482120258218056
2422,264395.27999999997,0.022336953007779034
2423,266073.13,0.02226801797616341
2424,267751.06,0.02216177097226032
2425,269428.91,0.022405865940644698
2426,271106.78,0.02254291041595721
2427,272784.72000000003,0.022592363165518187
2428,274462.56,0.0223466383804385
2429,275422.87,0.022354528710296275
2430,276140.38,0.02236411809902649
2431,277818.38,0.022360578342737778
2432,279496.22000000003,0.02244138170728399
2433,281174.16,0.022199433121308378
2434,282852.0,0.02217805648585459
2435,284529.84,0.022133979850400803
2436,286207.78,0.022055841264425186
2437,287885.63,0.021903084433919216
2438,289563.47000000003,0.02171141779846543
2439,291241.41000000003,0.021808439212489813
2440,292919.25,0.021644342577036027
2441,294597.19,0.021783533991060408
2442,296275.06,0.021984356770450075
2443,297952.91,0.021855939939944106
2444,299630.83999999997,0.02191079154902067
2445,301308.69,0.0218018347185147
2446,302986.53,0.021611788083060916
2447,304664.47,0.0217428694970853
2448,306342.33999999997,0.021655002276474964
2449,308020.25,0.021591454275655897
2450,309698.12,0.02159764705504556
2451,311375.97,0.02168495022453959
2452,313053.88,0.021978222223720523
2453,314731.78,0.02192440441795364
2454,316227.766,0.021776649816290024
2455,316409.63,0.021759630894190245
2456,318087.56,0.021662615724809098
2457,319765.38,0.021836472130445168
2458,321443.34,0.022174126531513873
2459,323121.19,0.022529632507599793
2460,324799.03,0.022560758626869095
2461,326476.97000000003,0.02281245331430457
2462,328154.81,0.02315497943357387
2463,329832.66000000003,0.02331909540965979
2464,331510.63,0.023486459667545114
2465,333188.47,0.026000725786814415
2466,334866.38,0.02655572090380004
2467,336544.22,0.02529904702306934
2468,338222.12,0.023335212283238344
2469,339900.0,0.023137647829774115
2470,341577.87999999995,0.023549913376309885
2471,343255.72000000003,0.022745749495579188
2472,344933.69,0.023320213753464512
2473,346611.5,0.025255460302283962
